/****
DIAMOND protein aligner
Copyright (C) 2020 Max Planck Society for the Advancement of Science e.V.

Code developed by Benjamin Buchfink <benjamin.buchfink@tue.mpg.de>

This program is free software: you can redistribute it and/or modify
it under the terms of the GNU General Public License as published by
the Free Software Foundation, either version 3 of the License, or
(at your option) any later version.

This program is distributed in the hope that it will be useful,
but WITHOUT ANY WARRANTY; without even the implied warranty of
MERCHANTABILITY or FITNESS FOR A PARTICULAR PURPOSE.  See the
GNU General Public License for more details.

You should have received a copy of the GNU General Public License
along with this program.  If not, see <http://www.gnu.org/licenses/>.
****/

#include "../standard_matrix.h"

namespace Stats {

const StandardMatrix pam250{

    14, 2,

	{ { (double)INT2_MAX, (double)INT2_MAX, (double)INT2_MAX, 0.2252, 0.0868, 0.2223, 0.98, -5.0, 0.660059, 11.754300, 11.754300 },
	{ 15, 3, (double)INT2_MAX, 0.205, 0.049, 0.13, 1.6, -23, 0.687656, 34.578400, 34.928000 },
	{ 14, 3, (double)INT2_MAX, 0.200, 0.043, 0.12, 1.7, -26, 0.689768, 43.353000, 43.443800 },
	{ 13, 3, (double)INT2_MAX, 0.194, 0.036, 0.10, 1.9, -31, 0.697431, 50.948500, 51.081700 },
	{ 12, 3, (double)INT2_MAX, 0.186, 0.029, 0.085, 2.2, -41, 0.704565, 69.606500, 69.793600 },
	{ 11, 3, (double)INT2_MAX, 0.174, 0.020, 0.070, 2.5, -48, 0.722438, 98.653500, 98.927100 },
	{ 17, 2, (double)INT2_MAX, 0.204, 0.047, 0.12, 1.7, -28, 0.684799, 41.583800, 41.735800 },
	{ 16, 2, (double)INT2_MAX, 0.198, 0.038, 0.11, 1.8, -29, 0.691098, 51.635200, 51.843900 },
	{ 15, 2, (double)INT2_MAX, 0.191, 0.031, 0.087, 2.2, -44, 0.699051, 67.256700, 67.558500 },
	{ 14, 2, (double)INT2_MAX, 0.182, 0.024, 0.073, 2.5, -53, 0.714103, 96.315100, 96.756800 },
	{ 13, 2, (double)INT2_MAX, 0.171, 0.017, 0.059, 2.9, -64, 0.728738, 135.653000, 136.339000 },
	{ 21, 1, (double)INT2_MAX, 0.205, 0.045, 0.11, 1.8, -34, 0.683265, 48.728200, 49.218800 },
	{ 20, 1, (double)INT2_MAX, 0.199, 0.037, 0.10, 1.9, -35, 0.689380, 60.832000, 61.514100 },
	{ 19, 1, (double)INT2_MAX, 0.192, 0.029, 0.083, 2.3, -52, 0.696344, 84.019700, 84.985600 },
	{ 18, 1, (double)INT2_MAX, 0.183, 0.021, 0.070, 2.6, -60, 0.710525, 113.829000, 115.184000 },
	{ 17, 1, (double)INT2_MAX, 0.171, 0.014, 0.052, 3.3, -86, 0.727000, 175.071000, 177.196000 } },

	{
		   /*       A,  R,  N,  D,  C,  Q,  E,  G,  H,  I,  L,  K,  M,
             F,  P,  S,  T,  W,  Y,  V,  B,  J,  Z,  X,  *        */ 
    /*A*/    2, -2,  0,  0, -2,  0,  0,  1, -1, -1, -2, -1, -1,
            -3,  1,  1,  1, -6, -3,  0,  0, -1,  0, -1, -8, -18,
    /*R*/   -2,  6,  0, -1, -4,  1, -1, -3,  2, -2, -3,  3,  0,
            -4,  0,  0, -1,  2, -4, -2, -1, -3,  0, -1, -8, -18,
    /*N*/    0,  0,  2,  2, -4,  1,  1,  0,  2, -2, -3,  1, -2,
            -3,  0,  1,  0, -4, -2, -2,  2, -3,  1, -1, -8, -18,
    /*D*/    0, -1,  2,  4, -5,  2,  3,  1,  1, -2, -4,  0, -3,
            -6, -1,  0,  0, -7, -4, -2,  3, -3,  3, -1, -8, -18,
    /*C*/   -2, -4, -4, -5, 12, -5, -5, -3, -3, -2, -6, -5, -5,
            -4, -3,  0, -2, -8,  0, -2, -4, -5, -5, -1, -8, -18,
    /*Q*/    0,  1,  1,  2, -5,  4,  2, -1,  3, -2, -2,  1, -1,
            -5,  0, -1, -1, -5, -4, -2,  1, -2,  3, -1, -8, -18,
    /*E*/    0, -1,  1,  3, -5,  2,  4,  0,  1, -2, -3,  0, -2,
            -5, -1,  0,  0, -7, -4, -2,  3, -3,  3, -1, -8, -18,
    /*G*/    1, -3,  0,  1, -3, -1,  0,  5, -2, -3, -4, -2, -3,
            -5,  0,  1,  0, -7, -5, -1,  0, -4,  0, -1, -8, -18,
    /*H*/   -1,  2,  2,  1, -3,  3,  1, -2,  6, -2, -2,  0, -2,
            -2,  0, -1, -1, -3,  0, -2,  1, -2,  2, -1, -8, -18,
    /*I*/   -1, -2, -2, -2, -2, -2, -2, -3, -2,  5,  2, -2,  2,
             1, -2, -1,  0, -5, -1,  4, -2,  3, -2, -1, -8, -18,
    /*L*/   -2, -3, -3, -4, -6, -2, -3, -4, -2,  2,  6, -3,  4,
             2, -3, -3, -2, -2, -1,  2, -3,  5, -3, -1, -8, -18,
    /*K*/   -1,  3,  1,  0, -5,  1,  0, -2,  0, -2, -3,  5,  0,
            -5, -1,  0,  0, -3, -4, -2,  1, -3,  0, -1, -8, -18,
    /*M*/   -1,  0, -2, -3, -5, -1, -2, -3, -2,  2,  4,  0,  6,
             0, -2, -2, -1, -4, -2,  2, -2,  3, -2, -1, -8, -18,
    /*F*/   -3, -4, -3, -6, -4, -5, -5, -5, -2,  1,  2, -5,  0,
             9, -5, -3, -3,  0,  7, -1, -4,  2, -5, -1, -8, -18,
    /*P*/    1,  0,  0, -1, -3,  0, -1,  0,  0, -2, -3, -1, -2,
            -5,  6,  1,  0, -6, -5, -1, -1, -2,  0, -1, -8, -18,
    /*S*/    1,  0,  1,  0,  0, -1,  0,  1, -1, -1, -3,  0, -2,
            -3,  1,  2,  1, -2, -3, -1,  0, -2,  0, -1, -8, -18,
    /*T*/    1, -1,  0,  0, -2, -1,  0,  0, -1,  0, -2,  0, -1,
            -3,  0,  1,  3, -5, -3,  0,  0, -1, -1, -1, -8, -18,
    /*W*/   -6,  2, -4, -7, -8, -5, -7, -7, -3, -5, -2, -3, -4,
             0, -6, -2, -5, 17,  0, -6, -5, -3, -6, -1, -8, -18,
    /*Y*/   -3, -4, -2, -4,  0, -4, -4, -5,  0, -1, -1, -4, -2,
             7, -5, -3, -3,  0, 10, -2, -3, -1, -4, -1, -8, -18,
    /*V*/    0, -2, -2, -2, -2, -2, -2, -1, -2,  4,  2, -2,  2,
            -1, -1, -1,  0, -6, -2,  4, -2,  2, -2, -1, -8, -18,
    /*B*/    0, -1,  2,  3, -4,  1,  3,  0,  1, -2, -3,  1, -2,
            -4, -1,  0,  0, -5, -3, -2,  3, -3,  2, -1, -8, -18,
    /*J*/   -1, -3, -3, -3, -5, -2, -3, -4, -2,  3,  5, -3,  3,
             2, -2, -2, -1, -3, -1,  2, -3,  5, -2, -1, -8, -18,
    /*Z*/    0,  0,  1,  3, -5,  3,  3,  0,  2, -2, -3,  0, -2,
            -5,  0,  0, -1, -6, -4, -2,  2, -2,  3, -1, -8, -18,
    /*X*/   -1, -1, -1, -1, -1, -1, -1, -1, -1, -1, -1, -1, -1,
            -1, -1, -1, -1, -1, -1, -1, -1, -1, -1, -1, -8, -18,
    /***/   -8, -8, -8, -8, -8, -8, -8, -8, -8, -8, -8, -8, -8,
            -8, -8, -8, -8, -8, -8, -8, -8, -8, -8, -8,  1, -18,
			-18, -18, -18, -18, -18, -18, -18, -18, -18, -18, -18, -18, -18,
			-18, -18, -18, -18, -18, -18, -18, -18, -18, -18, -18, -18, -18 },

{ {1.1506395421657883e-02, 2.4975231508904631e-03, 3.6632346972757428e-03,
   4.3697565048539024e-03, 1.8276942838570587e-03, 3.0112866662942396e-03,
   4.6380059574065739e-03, 1.0339526813131699e-02, 2.1445971886243646e-03,
   2.8561290389349852e-03, 4.8067900424585462e-03, 5.3728656072800076e-03,
   9.9018955937298613e-04, 1.5464751871669552e-03, 5.7141459312891330e-03,
   7.8179771536648658e-03, 6.7187128037285646e-03, 2.4101326295153331e-04,
   1.1721100314806740e-03, 5.8923284166788933e-03},
  {2.4975231508904631e-03, 6.8223547287428144e-03, 1.6533152696263029e-03,
   1.4242726301819985e-03, 5.8944515652700497e-04, 2.0890675656647919e-03,
   1.5846263196146995e-03, 2.0115937172949889e-03, 1.9669335302920869e-03,
   9.4903575242628803e-04, 1.7492451507985533e-03, 7.1821276038123629e-03,
   5.4579896329619748e-04, 5.8361963932467844e-04, 1.9905178391619333e-03,
   2.6418797202180837e-03, 1.9640564224658449e-03, 7.0871113466232773e-04,
   4.6349536482262227e-04, 1.4862706481749135e-03},
  {3.6632346972757428e-03, 1.6533152696263029e-03, 2.5955847457262279e-03,
   3.0517594529028400e-03, 5.8568302165395883e-04, 1.8510873859350727e-03,
   2.7895276558308215e-03, 3.8931580947872417e-03, 1.9571964875229838e-03,
   9.8420613349048088e-04, 1.7794215836961103e-03, 4.0932232786158613e-03,
   3.9994286569269551e-04, 7.1880113475369782e-04, 1.8301977419577379e-03,
   3.2997070393949880e-03, 2.6196442519984238e-03, 1.6728058239964415e-04,
   7.5085733385690172e-04, 1.7484567810093011e-03},
  {4.3697565048539024e-03, 1.4242726301819985e-03, 3.0517594529028400e-03,
   5.3450782499419218e-03, 4.8131585819575790e-04, 2.6206774727375219e-03,
   5.1008808895958635e-03, 4.7650879451660638e-03, 1.8490514559930820e-03,
   1.0026061088056078e-03, 1.5930790839216963e-03, 3.8473023950370976e-03,
   3.7899432160262535e-04, 5.1061942897298563e-04, 1.9136209919861855e-03,
   3.4857847560291560e-03, 2.6547044011729533e-03, 1.0462445958257217e-04,
   5.1745954208780515e-04, 1.8552568588661234e-03},
  {1.8276942838570587e-03, 5.8944515652700497e-04, 5.8568302165395883e-04,
   4.8131585819575790e-04, 1.7511424258914964e-02, 3.7076129096329572e-04,
   4.8903939170975950e-04, 1.3623489692838801e-03, 5.0846386896381476e-04,
   7.2550893644428554e-04, 7.0799236631215092e-04, 7.7075174636654406e-04,
   1.4785573890415589e-04, 4.9387975479971797e-04, 8.9473603104580409e-04,
   2.3049495795083078e-03, 1.1784720532548663e-03, 5.9299054281549242e-05,
   1.0798150304862418e-03, 1.3840709648926645e-03},
  {3.0112866662942396e-03, 2.0890675656647919e-03, 1.8510873859350727e-03,
   2.6206774727375219e-03, 3.7076129096329572e-04, 3.7185262078390084e-03,
   3.3568227763936856e-03, 2.5676676841601132e-03, 2.5232383252931120e-03,
   8.8236895610109610e-04, 2.1731391610102509e-03, 3.6449762674855470e-03,
   4.4907751867065491e-04, 5.2205033209354096e-04, 2.0463950617354261e-03,
   2.3688704455266710e-03, 1.8654198667353624e-03, 1.3455315022844615e-04,
   4.5154514263611947e-04, 1.6079057012005865e-03},
  {4.6380059574065739e-03, 1.5846263196146995e-03, 2.7895276558308215e-03,
   5.1008808895958635e-03, 4.8903939170975950e-04, 3.3568227763936856e-03,
   5.9222965859089486e-03, 4.5816393201343689e-03, 1.9402998565554576e-03,
   1.1442983475073972e-03, 1.9598706476253135e-03, 3.9374858628132975e-03,
   4.4836711718981544e-04, 5.6555863311724848e-04, 2.2081467402101113e-03,
   3.4413512797094705e-03, 2.6498050070285850e-03, 1.0428284199341159e-04,
   5.5113323096536227e-04, 2.1170384602596944e-03},
  {1.0339526813131699e-02, 2.0115937172949889e-03, 3.8931580947872417e-03,
   4.7650879451660638e-03, 1.3623489692838801e-03, 2.5676676841601132e-03,
   4.5816393201343689e-03, 2.3482233614097934e-02, 1.8337281555648979e-03,
   1.8208983421724295e-03, 2.9852908206479617e-03, 4.8388854328488646e-03,
   6.8680090301959161e-04, 1.1712470257125083e-03, 4.0151722887942186e-03,
   7.8821587248468251e-03, 5.1811218591430661e-03, 1.8631167134196649e-04,
   7.9425725644547004e-04, 4.2129549753424219e-03},
  {2.1445971886243646e-03, 1.9669335302920869e-03, 1.9571964875229838e-03,
   1.8490514559930820e-03, 5.0846386896381476e-04, 2.5232383252931120e-03,
   1.9402998565554576e-03, 1.8337281555648979e-03, 5.0577823911620960e-03,
   7.0758217809190201e-04, 1.7792986667457807e-03, 2.6790420483436923e-03,
   3.0226127635083285e-04, 8.8185158980207221e-04, 1.6125778990215547e-03,
   1.9419581808088138e-03, 1.4578210132932265e-03, 1.9201336290789017e-04,
   9.8449170102575230e-04, 1.2982251382555629e-03},
  {2.8561290389349852e-03, 9.4903575242628803e-04, 9.8420613349048088e-04,
   1.0026061088056078e-03, 7.2550893644428554e-04, 8.8236895610109610e-04,
   1.1442983475073972e-03, 1.8208983421724295e-03, 7.0758217809190201e-04,
   3.8506568985748504e-03, 5.5072715793686080e-03, 1.9022872797907308e-03,
   8.9779553718262028e-04, 1.8514043008626233e-03, 1.1725443795985299e-03,
   1.8542542117578613e-03, 2.1953086037143862e-03, 1.1715327832769289e-04,
   8.8263202943021396e-04, 5.5816714963892811e-03},
  {4.8067900424585462e-03, 1.7492451507985533e-03, 1.7794215836961103e-03,
   1.5930790839216963e-03, 7.0799236631215092e-04, 2.1731391610102509e-03,
   1.9598706476253135e-03, 2.9852908206479617e-03, 1.7792986667457807e-03,
   5.5072715793686080e-03, 2.8633158451940706e-02, 3.5641037178981254e-03,
   2.9437898388951153e-03, 5.1517088250987598e-03, 2.4053702086781481e-03,
   3.1126304674457994e-03, 3.3831513688247950e-03, 5.7942468517701131e-04,
   2.0809174228785228e-03, 8.4617896693113381e-03},
  {5.3728656072800076e-03, 7.1821276038123629e-03, 4.0932232786158613e-03,
   3.8473023950370976e-03, 7.7075174636654406e-04, 3.6449762674855470e-03,
   3.9374858628132975e-03, 4.8388854328488646e-03, 2.6790420483436923e-03,
   1.9022872797907308e-03, 3.5641037178981254e-03, 1.8953839887039359e-02,
   1.3056068288886324e-03, 9.5430576257042143e-04, 3.1427838314461703e-03,
   5.3849029169230475e-03, 4.6910200930370578e-03, 3.8031958293778897e-04,
   8.6636282903806235e-04, 2.9693904037835185e-03},
  {9.9018955937298613e-04, 5.4579896329619748e-04, 3.9994286569269551e-04,
   3.7899432160262535e-04, 1.4785573890415589e-04, 4.4907751867065491e-04,
   4.4836711718981544e-04, 6.8680090301959161e-04, 3.0226127635083285e-04,
   8.9779553718262028e-04, 2.9437898388951153e-03, 1.3056068288886324e-03,
   9.5839891336186689e-04, 6.1182400928263853e-04, 4.6431155948741784e-04,
   7.1706174187243107e-04, 7.5402578765302252e-04, 5.8044986217193111e-05,
   2.5054194683598869e-04, 1.4420721870535345e-03},
  {1.5464751871669552e-03, 5.8361963932467844e-04, 7.1880113475369782e-04,
   5.1061942897298563e-04, 4.9387975479971797e-04, 5.2205033209354096e-04,
   5.6555863311724848e-04, 1.1712470257125083e-03, 8.8185158980207221e-04,
   1.8514043008626233e-03, 5.1517088250987598e-03, 9.5430576257042143e-04,
   6.1182400928263853e-04, 1.2698002251905573e-02, 7.0713747400886877e-04,
   1.3236969321879562e-03, 1.1372790252379261e-03, 4.4935713151489045e-04,
   5.9204171542750639e-03, 1.9724229735869326e-03},
  {5.7141459312891330e-03, 1.9905178391619333e-03, 1.8301977419577379e-03,
   1.9136209919861855e-03, 8.9473603104580409e-04, 2.0463950617354261e-03,
   2.2081467402101113e-03, 4.0151722887942186e-03, 1.6125778990215547e-03,
   1.1725443795985299e-03, 2.4053702086781481e-03, 3.1427838314461703e-03,
   4.6431155948741784e-04, 7.0713747400886877e-04, 9.8665046135635783e-03,
   4.3847634418626652e-03, 3.1909511773661765e-03, 1.4643278579496693e-04,
   4.8653577087297381e-04, 2.4870690688613543e-03},
  {7.8179771536648658e-03, 2.6418797202180837e-03, 3.2997070393949880e-03,
   3.4857847560291560e-03, 2.3049495795083078e-03, 2.3688704455266710e-03,
   3.4413512797094705e-03, 7.8821587248468251e-03, 1.9419581808088138e-03,
   1.8542542117578613e-03, 3.1126304674457994e-03, 5.3849029169230475e-03,
   7.1706174187243107e-04, 1.3236969321879562e-03, 4.3847634418626652e-03,
   6.9740330873263399e-03, 5.5479545040527179e-03, 4.1290844979042010e-04,
   1.0821257035278605e-03, 3.5981076685639816e-03},
  {6.7187128037285646e-03, 1.9640564224658449e-03, 2.6196442519984238e-03,
   2.6547044011729533e-03, 1.1784720532548663e-03, 1.8654198667353624e-03,
   2.6498050070285850e-03, 5.1811218591430661e-03, 1.4578210132932265e-03,
   2.1953086037143862e-03, 3.3831513688247950e-03, 4.6910200930370578e-03,
   7.5402578765302252e-04, 1.1372790252379261e-03, 3.1909511773661765e-03,
   5.5479545040527179e-03, 6.1907639011039494e-03, 1.8788403040115726e-04,
   9.2861947637862599e-04, 4.0449485444032200e-03},
  {2.4101326295153331e-04, 7.0871113466232773e-04, 1.6728058239964415e-04,
   1.0462445958257217e-04, 5.9299054281549242e-05, 1.3455315022844615e-04,
   1.0428284199341159e-04, 1.8631167134196649e-04, 1.9201336290789017e-04,
   1.1715327832769289e-04, 5.7942468517701131e-04, 3.8031958293778897e-04,
   5.8044986217193111e-05, 4.4935713151489045e-04, 1.4643278579496693e-04,
   4.1290844979042010e-04, 1.8788403040115726e-04, 5.7988503825631863e-03,
   3.0440102514689768e-04, 1.6081303524350391e-04},
  {1.1721100314806740e-03, 4.6349536482262227e-04, 7.5085733385690172e-04,
   5.1745954208780515e-04, 1.0798150304862418e-03, 4.5154514263611947e-04,
   5.5113323096536227e-04, 7.9425725644547004e-04, 9.8449170102575230e-04,
   8.8263202943021396e-04, 2.0809174228785228e-03, 8.6636282903806235e-04,
   2.5054194683598869e-04, 5.9204171542750639e-03, 4.8653577087297381e-04,
   1.0821257035278605e-03, 9.2861947637862599e-04, 3.0440102514689768e-04,
   9.2529814445245183e-03, 1.0955188103504248e-03},
  {5.8923284166788933e-03, 1.4862706481749135e-03, 1.7484567810093011e-03,
   1.8552568588661234e-03, 1.3840709648926645e-03, 1.6079057012005865e-03,
   2.1170384602596944e-03, 4.2129549753424219e-03, 1.2982251382555629e-03,
   5.5816714963892811e-03, 8.4617896693113381e-03, 2.9693904037835185e-03,
   1.4420721870535345e-03, 1.9724229735869326e-03, 2.4870690688613543e-03,
   3.5981076685639816e-03, 4.0449485444032200e-03, 1.6081303524350391e-04,
   1.0955188103504248e-03, 1.1301289775766317e-02} },

   { 8.7126757718998679e-02, 4.0903890307999048e-02, 4.0432285538126674e-02,
     4.6871932807633972e-02, 3.3473507356366124e-02, 3.8255436978704142e-02,
     4.9530476921569762e-02, 8.8612083613937145e-02, 3.3618414314618796e-02,
     3.6885613388971901e-02, 8.5357443758733623e-02, 8.0481583375956817e-02,
     1.4752761600830055e-02, 3.9771658566274730e-02, 5.0679914836743105e-02,
     6.9577076005018168e-02, 5.8541664190993777e-02, 1.0493678893463984e-02,
     2.9916218247065893e-02, 6.4717601577993583e-02 }

};

}