/****
DIAMOND protein aligner
Copyright (C) 2020 Max Planck Society for the Advancement of Science e.V.

Code developed by Benjamin Buchfink <benjamin.buchfink@tue.mpg.de>

This program is free software: you can redistribute it and/or modify
it under the terms of the GNU General Public License as published by
the Free Software Foundation, either version 3 of the License, or
(at your option) any later version.

This program is distributed in the hope that it will be useful,
but WITHOUT ANY WARRANTY; without even the implied warranty of
MERCHANTABILITY or FITNESS FOR A PARTICULAR PURPOSE.  See the
GNU General Public License for more details.

You should have received a copy of the GNU General Public License
along with this program.  If not, see <http://www.gnu.org/licenses/>.
****/

#include "../standard_matrix.h"

namespace Stats {

const StandardMatrix pam30{

    9, 1,

	{ { (double)INT2_MAX, (double)INT2_MAX, (double)INT2_MAX, 0.3400, 0.283, 1.754, 0.1938, -0.3, 0.436164, 0.161818, 0.161818 },
	{ 7, 2, (double)INT2_MAX, 0.305, 0.15, 0.87, 0.35, -3, 0.479087, 1.014010, 1.162730 },
	{ 6, 2, (double)INT2_MAX, 0.287, 0.11, 0.68, 0.42, -4, 0.499980, 1.688060, 1.951430 },
	{ 5, 2, (double)INT2_MAX, 0.264, 0.079, 0.45, 0.59, -7, 0.533009, 3.377010, 3.871950 },
	{ 10, 1, (double)INT2_MAX, 0.309, 0.15, 0.88, 0.35, -3, 0.474741, 1.372050, 1.788770 },
	{ 9, 1, (double)INT2_MAX, 0.294, 0.11, 0.61, 0.48, -6, 0.492716, 2.463920, 3.186150 },
	{ 8, 1, (double)INT2_MAX, 0.270, 0.072, 0.40, 0.68, -10, 0.521286, 5.368130, 6.763480 } },

	{
		 /*       A,  R,  N,  D,  C,  Q,  E,  G,  H,  I,  L,  K,  M,
             F,  P,  S,  T,  W,  Y,  V,  B,  J,  Z,  X,  *        */ 
    /*A*/    6, -7, -4, -3, -6, -4, -2, -2, -7, -5, -6, -7, -5,
            -8, -2,  0, -1,-13, -8, -2, -3, -6, -3, -1,-17, -17,
    /*R*/   -7,  8, -6,-10, -8, -2, -9, -9, -2, -5, -8,  0, -4,
            -9, -4, -3, -6, -2,-10, -8, -7, -7, -4, -1,-17, -17,
    /*N*/   -4, -6,  8,  2,-11, -3, -2, -3,  0, -5, -7, -1, -9,
            -9, -6,  0, -2, -8, -4, -8,  6, -6, -3, -1,-17, -17,
    /*D*/   -3,-10,  2,  8,-14, -2,  2, -3, -4, -7,-12, -4,-11,
           -15, -8, -4, -5,-15,-11, -8,  6,-10,  1, -1,-17, -17,
    /*C*/   -6, -8,-11,-14, 10,-14,-14, -9, -7, -6,-15,-14,-13,
           -13, -8, -3, -8,-15, -4, -6,-12, -9,-14, -1,-17, -17,
    /*Q*/   -4, -2, -3, -2,-14,  8,  1, -7,  1, -8, -5, -3, -4,
           -13, -3, -5, -5,-13,-12, -7, -3, -5,  6, -1,-17, -17,
    /*E*/   -2, -9, -2,  2,-14,  1,  8, -4, -5, -5, -9, -4, -7,
           -14, -5, -4, -6,-17, -8, -6,  1, -7,  6, -1,-17, -17,
    /*G*/   -2, -9, -3, -3, -9, -7, -4,  6, -9,-11,-10, -7, -8,
            -9, -6, -2, -6,-15,-14, -5, -3,-10, -5, -1,-17, -17,
    /*H*/   -7, -2,  0, -4, -7,  1, -5, -9,  9, -9, -6, -6,-10,
            -6, -4, -6, -7, -7, -3, -6, -1, -7, -1, -1,-17, -17,
    /*I*/   -5, -5, -5, -7, -6, -8, -5,-11, -9,  8, -1, -6, -1,
            -2, -8, -7, -2,-14, -6,  2, -6,  5, -6, -1,-17, -17,
    /*L*/   -6, -8, -7,-12,-15, -5, -9,-10, -6, -1,  7, -8,  1,
            -3, -7, -8, -7, -6, -7, -2, -9,  6, -7, -1,-17, -17,
    /*K*/   -7,  0, -1, -4,-14, -3, -4, -7, -6, -6, -8,  7, -2,
           -14, -6, -4, -3,-12, -9, -9, -2, -7, -4, -1,-17, -17,
    /*M*/   -5, -4, -9,-11,-13, -4, -7, -8,-10, -1,  1, -2, 11,
            -4, -8, -5, -4,-13,-11, -1,-10,  0, -5, -1,-17, -17,
    /*F*/   -8, -9, -9,-15,-13,-13,-14, -9, -6, -2, -3,-14, -4,
             9,-10, -6, -9, -4,  2, -8,-10, -2,-13, -1,-17, -17,
    /*P*/   -2, -4, -6, -8, -8, -3, -5, -6, -4, -8, -7, -6, -8,
           -10,  8, -2, -4,-14,-13, -6, -7, -7, -4, -1,-17, -17,
    /*S*/    0, -3,  0, -4, -3, -5, -4, -2, -6, -7, -8, -4, -5,
            -6, -2,  6,  0, -5, -7, -6, -1, -8, -5, -1,-17, -17,
    /*T*/   -1, -6, -2, -5, -8, -5, -6, -6, -7, -2, -7, -3, -4,
            -9, -4,  0,  7,-13, -6, -3, -3, -5, -6, -1,-17, -17,
    /*W*/  -13, -2, -8,-15,-15,-13,-17,-15, -7,-14, -6,-12,-13,
            -4,-14, -5,-13, 13, -5,-15,-10, -7,-14, -1,-17, -17,
    /*Y*/   -8,-10, -4,-11, -4,-12, -8,-14, -3, -6, -7, -9,-11,
             2,-13, -7, -6, -5, 10, -7, -6, -7, -9, -1,-17, -17,
    /*V*/   -2, -8, -8, -8, -6, -7, -6, -5, -6,  2, -2, -9, -1,
            -8, -6, -6, -3,-15, -7,  7, -8,  0, -6, -1,-17, -17,
    /*B*/   -3, -7,  6,  6,-12, -3,  1, -3, -1, -6, -9, -2,-10,
           -10, -7, -1, -3,-10, -6, -8,  6, -8,  0, -1,-17, -17,
    /*J*/   -6, -7, -6,-10, -9, -5, -7,-10, -7,  5,  6, -7,  0,
            -2, -7, -8, -5, -7, -7,  0, -8,  6, -6, -1,-17, -17,
    /*Z*/   -3, -4, -3,  1,-14,  6,  6, -5, -1, -6, -7, -4, -5,
           -13, -4, -5, -6,-14, -9, -6,  0, -6,  6, -1,-17, -17,
    /*X*/   -1, -1, -1, -1, -1, -1, -1, -1, -1, -1, -1, -1, -1,
            -1, -1, -1, -1, -1, -1, -1, -1, -1, -1, -1,-17, -17,
    /***/  -17,-17,-17,-17,-17,-17,-17,-17,-17,-17,-17,-17,-17,
           -17,-17,-17,-17,-17,-17,-17,-17,-17,-17,-17,  1, -17,
			-17, -17, -17, -17, -17, -17, -17, -17, -17, -17, -17, -17, -17,
			-17, -17, -17, -17, -17, -17, -17, -17, -17, -17, -17, -17, -17 },

{ {5.9127839295455724e-02, 3.2440614389978224e-04, 1.0035946285397422e-03,
   1.2937791530855702e-03, 3.1489290812535621e-04, 7.8441998276182750e-04,
   1.9549522618591804e-03, 4.4450248999927649e-03, 2.4408739253648561e-04,
   6.3834521530456922e-04, 8.5734186469652062e-04, 6.6918201622206063e-04,
   2.4336822178217660e-04, 1.9674172887918488e-04, 2.6202120968515422e-03,
   5.3063352404797842e-03, 4.2185799566371992e-03, 8.9313082115936708e-06,
   1.8225253115472477e-04, 2.6924708725231086e-03},
  {3.2440614389978224e-04, 3.1662308120430839e-02, 2.3762837035855522e-04,
   5.6563724512424312e-05, 9.3129983865266353e-05, 9.1528180957759745e-04,
   8.6839478291009283e-05, 1.4407449709189928e-04, 8.0713273132343639e-04,
   2.3918939892306258e-04, 1.8565923197220291e-04, 3.6581384858227193e-03,
   1.4663859770241663e-04, 6.8103183598496806e-05, 5.5932452083258294e-04,
   1.0092107276753980e-03, 2.5480695878483489e-04, 2.2193510725567831e-04,
   3.6904551277914591e-05, 1.9661468480294445e-04},
  {1.0035946285397422e-03, 2.3762837035855522e-04, 2.3942402666531522e-02,
   3.3284186062777833e-03, 3.2538350231327974e-05, 4.6226978079510854e-04,
   9.2846484862398504e-04, 1.2584257731785510e-03, 1.5206567357122051e-03,
   2.6711601073772237e-04, 3.0916547891024103e-04, 2.2688803763503840e-03,
   2.7842591589795833e-05, 8.1379367658642105e-05, 2.9181042514696590e-04,
   2.7347990528488269e-03, 1.2577236167229159e-03, 2.6993374401853017e-05,
   2.6944461441064744e-04, 1.8273086910009501e-04},
  {1.2937791530855702e-03, 5.6563724512424312e-05, 3.3284186062777833e-03,
   3.1273803507946972e-02, 1.2103234943893133e-05, 7.6617484041782485e-04,
   5.4382363415210683e-03, 1.3553903446762449e-03, 4.2748415829840124e-04,
   1.3808202761146380e-04, 5.5405232219940619e-05, 8.2915092340941237e-04,
   1.5837617592492976e-05, 1.2183210262808245e-05, 1.6175221090296296e-04,
   9.3274720682462713e-04, 5.4799551604074552e-04, 2.6698310744553494e-06,
   2.7630471952142814e-05, 1.9652464806266956e-04},
  {3.1489290812535621e-04, 9.3129983865266353e-05, 3.2538350231327974e-05,
   1.2103234943893133e-05, 3.0911985925451389e-02, 1.0422909419121936e-05,
   1.3045150483146400e-05, 1.2331325932473484e-04, 8.7403624792468633e-05,
   1.4700821602711548e-04, 1.7204998362221924e-05, 2.0967486284459295e-05,
   4.6716406093025683e-06, 1.5450615839479970e-05, 1.0731935426699396e-04,
   8.8294519055560439e-04, 1.3276608390145865e-04, 1.6423510327768317e-06,
   2.5794057350472414e-04, 2.8675549934525132e-04},
  {7.8441998276182750e-04, 9.1528180957759745e-04, 4.6226978079510854e-04,
   7.6617484041782485e-04, 1.0422909419121936e-05, 2.6544636091699370e-02,
   2.8557369473315988e-03, 3.2014451569115343e-04, 1.7486269599932410e-03,
   9.9252658549817602e-05, 6.0406050527793496e-04, 1.1831024043470412e-03,
   1.5335846864532110e-04, 1.7100059826303178e-05, 7.2911060660364247e-04,
   4.4648205428150529e-04, 3.3667241069963721e-04, 4.8464660724673283e-06,
   1.9368757924195069e-05, 2.5436874878957899e-04},
  {1.9549522618591804e-03, 8.6839478291009283e-05, 9.2846484862398504e-04,
   5.4382363415210683e-03, 1.3045150483146400e-05, 2.8557369473315988e-03,
   3.3517661571345295e-02, 1.0164440084156755e-03, 3.0223151556800276e-04,
   2.7356364677374762e-04, 1.8090379077740425e-04, 9.0138008178105558e-04,
   6.7559973423236150e-05, 1.5496057150416647e-05, 3.8539043828203593e-04,
   7.7702860107301409e-04, 3.7793602875380548e-04, 1.6817714350602577e-06,
   8.3785905046764608e-05, 3.5213850363434608e-04},
  {4.4450248999927649e-03, 1.4407449709189928e-04, 1.2584257731785510e-03,
   1.3553903446762449e-03, 1.2331325932473484e-04, 3.2014451569115343e-04,
   1.0164440084156755e-03, 7.3132026674414694e-02, 1.4265572852210342e-04,
   7.8900361203388875e-05, 2.1034403031175677e-04, 6.1289535748612200e-04,
   7.4245325157996467e-05, 1.5674229370359372e-04, 5.4766647831609131e-04,
   3.4088067901566015e-03, 7.0070498686195871e-04, 5.2853781924046885e-06,
   2.4544028062357452e-05, 8.5444888317695144e-04},
  {2.4408739253648561e-04, 8.0713273132343639e-04, 1.5206567357122051e-03,
   4.2748415829840124e-04, 8.7403624792468633e-05, 1.7486269599932410e-03,
   3.0223151556800276e-04, 1.4265572852210342e-04, 2.5912762590464825e-02,
   5.4172593088878169e-05, 3.5367937307928028e-04, 3.2368239575447064e-04,
   1.3814951744043517e-05, 1.7593656715401314e-04, 4.2250645207888871e-04,
   3.0759142376355817e-04, 1.6958020182452686e-04, 2.8647046074837808e-05,
   3.2560382462402542e-04, 2.5015804822114957e-04},
  {6.3834521530456922e-04, 2.3918939892306258e-04, 2.6711601073772237e-04,
   1.3808202761146380e-04, 1.4700821602711548e-04, 9.9252658549817602e-05,
   2.7356364677374762e-04, 7.8900361203388875e-05, 5.4172593088878169e-05,
   2.5353285377410485e-02, 2.0257509751816058e-03, 3.7763773851518320e-04,
   4.3126365297883206e-04, 6.9390890433520820e-04, 9.9551479665834663e-05,
   2.4863350821043576e-04, 9.5951641417652196e-04, 3.5757593419236457e-06,
   1.3084289995157492e-04, 4.6260165509845463e-03},
  {8.5734186469652062e-04, 1.8565923197220291e-04, 3.0916547891024103e-04,
   5.5405232219940619e-05, 1.7204998362221924e-05, 6.0406050527793496e-04,
   1.8090379077740425e-04, 2.1034403031175677e-04, 3.5367937307928028e-04,
   2.0257509751816058e-03, 7.3000355069562095e-02, 4.1727413572248076e-04,
   1.5642375920382058e-03, 1.4111427667651418e-03, 3.9148184818805121e-04,
   3.4625426602777944e-04, 5.1411236346458541e-04, 1.1411927900827321e-04,
   2.4268846460818286e-04, 2.5562624925597006e-03},
  {6.6918201622206063e-04, 3.6581384858227193e-03, 2.2688803763503840e-03,
   8.2915092340941237e-04, 2.0967486284459295e-05, 1.1831024043470412e-03,
   9.0138008178105558e-04, 6.1289535748612200e-04, 3.2368239575447064e-04,
   3.7763773851518320e-04, 4.1727413572248076e-04, 6.4693883189538823e-02,
   6.6794275671927127e-04, 2.7382721623874425e-05, 4.3433200079450959e-04,
   1.4551172602609017e-03, 1.5845617070211647e-03, 1.4791603367426559e-05,
   1.0031590199504370e-04, 2.4096483294034894e-04},
  {2.4336822178217660e-04, 1.4663859770241663e-04, 2.7842591589795833e-05,
   1.5837617592492976e-05, 4.6716406093025683e-06, 1.5335846864532110e-04,
   6.7559973423236150e-05, 7.4245325157996467e-05, 1.3814951744043517e-05,
   4.3126365297883206e-04, 1.5642375920382058e-03, 6.6794275671927127e-04,
   1.0141188024147338e-02, 1.4660178199119104e-04, 4.8450925637158114e-05,
   1.6515644650970699e-04, 2.2685456319283340e-04, 2.0008298266352844e-06,
   9.3883281308262965e-06, 6.0233931141128079e-04},
  {1.9674172887918488e-04, 6.8103183598496806e-05, 8.1379367658642105e-05,
   1.2183210262808245e-05, 1.5450615839479970e-05, 1.7100059826303178e-05,
   1.5496057150416647e-05, 1.5674229370359372e-04, 1.7593656715401314e-04,
   6.9390890433520820e-04, 1.4111427667651418e-03, 2.7382721623874425e-05,
   1.4660178199119104e-04, 3.3860977281888867e-02, 7.1900609504981099e-05,
   3.1517744951616293e-04, 1.1969179294550922e-04, 8.8987284001973936e-05,
   2.1252281905202656e-03, 1.7152669910871525e-04},
  {2.6202120968515422e-03, 5.5932452083258294e-04, 2.9181042514696590e-04,
   1.6175221090296296e-04, 1.0731935426699396e-04, 7.2911060660364247e-04,
   3.8539043828203593e-04, 5.4766647831609131e-04, 4.2250645207888871e-04,
   9.9551479665834663e-05, 3.9148184818805121e-04, 4.3433200079450959e-04,
   4.8450925637158114e-05, 7.1900609504981099e-05, 4.0604206849577246e-02,
   2.0119339905674016e-03, 7.1262984113373655e-04, 4.7982296290983556e-06,
   1.4865662060036108e-05, 4.6067081670332334e-04},
  {5.3063352404797842e-03, 1.0092107276753980e-03, 2.7347990528488269e-03,
   9.3274720682462713e-04, 8.8294519055560439e-04, 4.4648205428150529e-04,
   7.7702860107301409e-04, 3.4088067901566015e-03, 3.0759142376355817e-04,
   2.4863350821043576e-04, 3.4625426602777944e-04, 1.4551172602609017e-03,
   1.6515644650970699e-04, 3.1517744951616293e-04, 2.0119339905674016e-03,
   4.3704313725631293e-02, 4.6622796190467931e-03, 1.3084508692320411e-04,
   2.0094952100191171e-04, 5.3046884366373238e-04},
  {4.2185799566371992e-03, 2.5480695878483489e-04, 1.2577236167229159e-03,
   5.4799551604074552e-04, 1.3276608390145865e-04, 3.3667241069963721e-04,
   3.7793602875380548e-04, 7.0070498686195871e-04, 1.6958020182452686e-04,
   9.5951641417652196e-04, 5.1411236346458541e-04, 1.5845617070211647e-03,
   2.2685456319283340e-04, 1.1969179294550922e-04, 7.1262984113373655e-04,
   4.6622796190467931e-03, 4.0080501117597984e-02, 7.7221567079978049e-06,
   1.9614260534399206e-04, 1.4808862501356529e-03},
  {8.9313082115936708e-06, 2.2193510725567831e-04, 2.6993374401853017e-05,
   2.6698310744553494e-06, 1.6423510327768317e-06, 4.8464660724673283e-06,
   1.6817714350602577e-06, 5.2853781924046885e-06, 2.8647046074837808e-05,
   3.5757593419236457e-06, 1.1411927900827321e-04, 1.4791603367426559e-05,
   2.0008298266352844e-06, 8.8987284001973936e-05, 4.7982296290983556e-06,
   1.3084508692320411e-04, 7.7221567079978049e-06, 9.7663430469613309e-03,
   5.4428834502404551e-05, 3.4341494426087616e-06},
  {1.8225253115472477e-04, 3.6904551277914591e-05, 2.6944461441064744e-04,
   2.7630471952142814e-05, 2.5794057350472414e-04, 1.9368757924195069e-05,
   8.3785905046764608e-05, 2.4544028062357452e-05, 3.2560382462402542e-04,
   1.3084289995157492e-04, 2.4268846460818286e-04, 1.0031590199504370e-04,
   9.3883281308262965e-06, 2.1252281905202656e-03, 1.4865662060036108e-05,
   2.0094952100191171e-04, 1.9614260534399206e-04, 5.4428834502404551e-05,
   2.5458081876085920e-02, 1.5581070490829142e-04},
  {2.6924708725231086e-03, 1.9661468480294445e-04, 1.8273086910009501e-04,
   1.9652464806266956e-04, 2.8675549934525132e-04, 2.5436874878957899e-04,
   3.5213850363434608e-04, 8.5444888317695144e-04, 2.5015804822114957e-04,
   4.6260165509845463e-03, 2.5562624925597006e-03, 2.4096483294034894e-04,
   6.0233931141128079e-04, 1.7152669910871525e-04, 4.6067081670332334e-04,
   5.3046884366373238e-04, 1.4808862501356529e-03, 3.4341494426087616e-06,
   1.5581070490829142e-04, 4.8623010168479329e-02} },

   { 8.7126757718998679e-02, 4.0903890307999048e-02, 4.0432285538126674e-02,
    4.6871932807633972e-02, 3.3473507356366124e-02, 3.8255436978704142e-02,
    4.9530476921569762e-02, 8.8612083613937145e-02, 3.3618414314618796e-02,
    3.6885613388971901e-02, 8.5357443758733623e-02, 8.0481583375956817e-02,
    1.4752761600830055e-02, 3.9771658566274730e-02, 5.0679914836743105e-02,
    6.9577076005018168e-02, 5.8541664190993777e-02, 1.0493678893463984e-02,
    2.9916218247065893e-02, 6.4717601577993583e-02 }

};

}