/* ===========================================================================
 *
 *                            PUBLIC DOMAIN NOTICE
 *               National Center for Biotechnology Information
 *
 *  This software/database is a "United States Government Work" under the
 *  terms of the United States Copyright Act.  It was written as part of
 *  the author's official duties as a United States Government employee and
 *  thus cannot be copyrighted.  This software/database is freely available
 *  to the public for use. The National Library of Medicine and the U.S.
 *  Government have not placed any restriction on its use or reproduction.
 *
 *  Although all reasonable efforts have been taken to ensure the accuracy
 *  and reliability of the software and data, the NLM and the U.S.
 *  Government do not and cannot warrant the performance or results that
 *  may be obtained by using this software or data. The NLM and the U.S.
 *  Government disclaim all warranties, express or implied, including
 *  warranties of performance, merchantability or fitness for any particular
 *  purpose.
 *
 *  Please cite the author in any work or product based on this material.
 *
 * ===========================================================================
 *
 * Author:  Christiam Camacho
 *
 */

/** @file matrix_freq_ratios.c
 *  Definitions for various scoring matrices' frequency ratios.
 */
    
#include "matrix_freq_ratios.h"
#include "blast_psi_priv.h"
#include <stdlib.h>


/** Underlying frequency ratios for BLOSUM45 */
static const double BLOSUM45_FREQRATIOS[BLASTAA_SIZE][BLASTAA_SIZE] =
{{0.00000000e+00, 0.00000000e+00, 0.00000000e+00, 0.00000000e+00,
  0.00000000e+00, 0.00000000e+00, 0.00000000e+00, 0.00000000e+00,
  0.00000000e+00, 0.00000000e+00, 0.00000000e+00, 0.00000000e+00,
  0.00000000e+00, 0.00000000e+00, 0.00000000e+00, 0.00000000e+00,
  0.00000000e+00, 0.00000000e+00, 0.00000000e+00, 0.00000000e+00,
  0.00000000e+00, 0.00000000e+00, 0.00000000e+00, 0.00000000e+00,
  0.00000000e+00, 0.00000000e+00, 0.00000000e+00, 0.00000000e+00},
 {0.00000000e+00, 2.95043377e+00, 7.34701741e-01, 8.00397827e-01,
  6.88936672e-01, 8.25164920e-01, 5.87357723e-01, 1.08031132e+00,
  6.54086288e-01, 7.46806187e-01, 7.86209397e-01, 7.12370041e-01,
  8.21348665e-01, 7.89043130e-01, 7.08569419e-01, 8.66678731e-01,
  6.99695540e-01, 1.30031418e+00, 1.00058530e+00, 1.00992663e+00,
  5.65442334e-01, 7.50000000e-01, 6.38727873e-01, 8.41025176e-01,
  7.50000000e-01, 2.90000000e-01, 7.50000000e-01, 7.26064996e-01},
 {0.00000000e+00, 7.34701741e-01, 3.25946658e+00, 6.00232275e-01,
  3.59386786e+00, 1.30000108e+00, 4.95670856e-01, 8.85913772e-01,
  1.08769141e+00, 4.96979579e-01, 1.02264352e+00, 4.72210752e-01,
  5.80058073e-01, 2.86239890e+00, 6.85801186e-01, 9.91862879e-01,
  8.29088221e-01, 1.05297301e+00, 9.85207016e-01, 5.20111147e-01,
  3.80841719e-01, 7.50000000e-01, 6.27051284e-01, 1.18227759e+00,
  7.50000000e-01, 2.90000000e-01, 7.50000000e-01, 4.82061098e-01},
 {0.00000000e+00, 8.00397827e-01, 6.00232275e-01, 1.70900872e+01,
  5.32858023e-01, 5.45353890e-01, 6.01657157e-01, 5.56827599e-01,
  4.90637659e-01, 5.42801532e-01, 5.46735291e-01, 6.72663401e-01,
  6.03730225e-01, 6.80232381e-01, 4.11520916e-01, 4.86216592e-01,
  4.71814444e-01, 7.96941950e-01, 8.21766666e-01, 7.14771712e-01,
  3.33596922e-01, 7.50000000e-01, 4.88896599e-01, 5.22760621e-01,
  7.50000000e-01, 2.90000000e-01, 7.50000000e-01, 6.21018471e-01},
 {0.00000000e+00, 6.88936672e-01, 3.59386786e+00, 5.32858023e-01,
  5.35580571e+00, 1.64256912e+00, 4.31018420e-01, 7.40433725e-01,
  9.76205497e-01, 4.40334375e-01, 9.41681214e-01, 4.62523949e-01,
  4.94422549e-01, 1.50174498e+00, 7.24041930e-01, 9.57667486e-01,
  7.71179788e-01, 9.29413105e-01, 8.76125496e-01, 4.93585385e-01,
  3.73386452e-01, 7.50000000e-01, 6.44927232e-01, 1.38090402e+00,
  7.50000000e-01, 2.90000000e-01, 7.50000000e-01, 4.53699350e-01},
 {0.00000000e+00, 8.25164920e-01, 1.30000108e+00, 5.45353890e-01,
  1.64256912e+00, 3.87327599e+00, 4.97795679e-01, 5.76408577e-01,
  9.61718230e-01, 4.85270933e-01, 1.27686825e+00, 5.70784073e-01,
  6.14865688e-01, 8.93236200e-01, 9.10746443e-01, 1.53097375e+00,
  1.01074883e+00, 9.12113764e-01, 8.32873235e-01, 5.55160304e-01,
  5.19337483e-01, 7.50000000e-01, 6.16552718e-01, 2.97840479e+00,
  7.50000000e-01, 2.90000000e-01, 7.50000000e-01, 5.36776244e-01},
 {0.00000000e+00, 5.87357723e-01, 4.95670856e-01, 6.01657157e-01,
  4.31018420e-01, 4.97795679e-01, 5.74817622e+00, 4.80346092e-01,
  6.79103477e-01, 1.06375667e+00, 5.29188869e-01, 1.30295859e+00,
  1.06255416e+00, 5.72439082e-01, 4.51176385e-01, 4.43558969e-01,
  5.89537777e-01, 6.09495403e-01, 7.16103747e-01, 9.52475503e-01,
  1.35493791e+00, 7.50000000e-01, 2.18456832e+00, 4.77074668e-01,
  7.50000000e-01, 2.90000000e-01, 7.50000000e-01, 1.20783008e+00},
 {0.00000000e+00, 1.08031132e+00, 8.85913772e-01, 5.56827599e-01,
  7.40433725e-01, 5.76408577e-01, 4.80346092e-01, 5.07068525e+00,
  6.62087167e-01, 4.16341047e-01, 6.77879412e-01, 4.50091586e-01,
  5.84692214e-01, 1.05865660e+00, 7.02165561e-01, 6.87007231e-01,
  5.70228460e-01, 1.05800656e+00, 6.92819008e-01, 4.79214700e-01,
  5.91296285e-01, 7.50000000e-01, 5.49197180e-01, 6.18662539e-01,
  7.50000000e-01, 2.90000000e-01, 7.50000000e-01, 4.36669292e-01},
 {0.00000000e+00, 6.54086288e-01, 1.08769141e+00, 4.90637659e-01,
  9.76205497e-01, 9.61718230e-01, 6.79103477e-01, 6.62087167e-01,
  9.51252809e+00, 4.53313059e-01, 8.90272071e-01, 6.69868446e-01,
  9.18088604e-01, 1.22006964e+00, 6.61223470e-01, 1.15049417e+00,
  9.73045615e-01, 8.54331847e-01, 7.06245757e-01, 4.56693295e-01,
  4.51816356e-01, 7.50000000e-01, 1.47204221e+00, 1.03383965e+00,
  7.50000000e-01, 2.90000000e-01, 7.50000000e-01, 5.83746261e-01},
 {0.00000000e+00, 7.46806187e-01, 4.96979579e-01, 5.42801532e-01,
  4.40334375e-01, 4.85270933e-01, 1.06375667e+00, 4.16341047e-01,
  4.53313059e-01, 3.23256769e+00, 5.32316397e-01, 1.59618413e+00,
  1.45527106e+00, 5.64240025e-01, 6.09639867e-01, 5.77938325e-01,
  4.88387978e-01, 6.18410187e-01, 8.47505386e-01, 2.17596400e+00,
  5.64907506e-01, 7.50000000e-01, 9.06458192e-01, 5.20674297e-01,
  7.50000000e-01, 2.90000000e-01, 7.50000000e-01, 2.24695958e+00},
 {0.00000000e+00, 7.86209397e-01, 1.02264352e+00, 5.46735291e-01,
  9.41681214e-01, 1.27686825e+00, 5.29188869e-01, 6.77879412e-01,
  8.90272071e-01, 5.32316397e-01, 3.32707189e+00, 5.53563636e-01,
  7.37955763e-01, 1.11877807e+00, 7.81202774e-01, 1.33004839e+00,
  1.94261316e+00, 8.89937552e-01, 8.84562104e-01, 5.91651856e-01,
  5.61572955e-01, 7.50000000e-01, 7.37107274e-01, 1.29718560e+00,
  7.50000000e-01, 2.90000000e-01, 7.50000000e-01, 5.45113795e-01},
 {0.00000000e+00, 7.12370041e-01, 4.72210752e-01, 6.72663401e-01,
  4.62523949e-01, 5.70784073e-01, 1.30295859e+00, 4.50091586e-01,
  6.69868446e-01, 1.59618413e+00, 5.53563636e-01, 2.99708655e+00,
  1.73144954e+00, 4.83712850e-01, 4.77913692e-01, 6.42028706e-01,
  6.01135200e-01, 5.55659969e-01, 7.80723755e-01, 1.33363845e+00,
  6.70858407e-01, 7.50000000e-01, 9.65090110e-01, 5.98002922e-01,
  7.50000000e-01, 2.90000000e-01, 7.50000000e-01, 2.43995990e+00},
 {0.00000000e+00, 8.21348665e-01, 5.80058073e-01, 6.03730225e-01,
  4.94422549e-01, 6.14865688e-01, 1.06255416e+00, 5.84692214e-01,
  9.18088604e-01, 1.45527106e+00, 7.37955763e-01, 1.73144954e+00,
  4.11411354e+00, 6.81741591e-01, 6.43682874e-01, 9.40467390e-01,
  7.75906233e-01, 6.60370266e-01, 8.60449567e-01, 1.23582796e+00,
  6.34345311e-01, 7.50000000e-01, 1.02316322e+00, 7.39261071e-01,
  7.50000000e-01, 2.90000000e-01, 7.50000000e-01, 1.62161577e+00},
 {0.00000000e+00, 7.89043130e-01, 2.86239890e+00, 6.80232381e-01,
  1.50174498e+00, 8.93236200e-01, 5.72439082e-01, 1.05865660e+00,
  1.22006964e+00, 5.64240025e-01, 1.11877807e+00, 4.83712850e-01,
  6.81741591e-01, 4.47803773e+00, 6.40394172e-01, 1.03246645e+00,
  8.97848625e-01, 1.19968790e+00, 1.11473028e+00, 5.51607804e-01,
  3.89694095e-01, 7.50000000e-01, 6.05825405e-01, 9.46428796e-01,
  7.50000000e-01, 2.90000000e-01, 7.50000000e-01, 5.15737804e-01},
 {0.00000000e+00, 7.08569419e-01, 6.85801186e-01, 4.11520916e-01,
  7.24041930e-01, 9.10746443e-01, 4.51176385e-01, 7.02165561e-01,
  6.61223470e-01, 6.09639867e-01, 7.81202774e-01, 4.77913692e-01,
  6.43682874e-01, 6.40394172e-01, 8.81911509e+00, 7.15515810e-01,
  5.81631739e-01, 7.49733904e-01, 8.56242933e-01, 5.40037335e-01,
  5.25005050e-01, 7.50000000e-01, 4.78832406e-01, 8.36159027e-01,
  7.50000000e-01, 2.90000000e-01, 7.50000000e-01, 5.30300041e-01},
 {0.00000000e+00, 8.66678731e-01, 9.91862879e-01, 4.86216592e-01,
  9.57667486e-01, 1.53097375e+00, 4.43558969e-01, 6.87007231e-01,
  1.15049417e+00, 5.77938325e-01, 1.33004839e+00, 6.42028706e-01,
  9.40467390e-01, 1.03246645e+00, 7.15515810e-01, 4.40728842e+00,
  1.32912854e+00, 1.09183956e+00, 7.80601862e-01, 5.47266398e-01,
  6.45177884e-01, 7.50000000e-01, 8.29182983e-01, 2.62986317e+00,
  7.50000000e-01, 2.90000000e-01, 7.50000000e-01, 6.16540522e-01},
 {0.00000000e+00, 6.99695540e-01, 8.29088221e-01, 4.71814444e-01,
  7.71179788e-01, 1.01074883e+00, 5.89537777e-01, 5.70228460e-01,
  9.73045615e-01, 4.88387978e-01, 1.94261316e+00, 6.01135200e-01,
  7.75906233e-01, 8.97848625e-01, 5.81631739e-01, 1.32912854e+00,
  4.74702063e+00, 7.99048209e-01, 7.15164318e-01, 5.77699501e-01,
  5.80165842e-01, 7.50000000e-01, 8.07446927e-01, 1.13238507e+00,
  7.50000000e-01, 2.90000000e-01, 7.50000000e-01, 5.56296615e-01},
 {0.00000000e+00, 1.30031418e+00, 1.05297301e+00, 7.96941950e-01,
  9.29413105e-01, 9.12113764e-01, 6.09495403e-01, 1.05800656e+00,
  8.54331847e-01, 6.18410187e-01, 8.89937552e-01, 5.55659969e-01,
  6.60370266e-01, 1.19968790e+00, 7.49733904e-01, 1.09183956e+00,
  7.99048209e-01, 2.78188630e+00, 1.47248598e+00, 7.27836330e-01,
  4.28363793e-01, 7.50000000e-01, 7.05878947e-01, 9.80777594e-01,
  7.50000000e-01, 2.90000000e-01, 7.50000000e-01, 5.80615182e-01},
 {0.00000000e+00, 1.00058530e+00, 9.85207016e-01, 8.21766666e-01,
  8.76125496e-01, 8.32873235e-01, 7.16103747e-01, 6.92819008e-01,
  7.06245757e-01, 8.47505386e-01, 8.84562104e-01, 7.80723755e-01,
  8.60449567e-01, 1.11473028e+00, 8.56242933e-01, 7.80601862e-01,
  7.15164318e-01, 1.47248598e+00, 3.13871529e+00, 1.04019697e+00,
  4.54128072e-01, 7.50000000e-01, 7.43457494e-01, 8.12903077e-01,
  7.50000000e-01, 2.90000000e-01, 7.50000000e-01, 8.07282226e-01},
 {0.00000000e+00, 1.00992663e+00, 5.20111147e-01, 7.14771712e-01,
  4.93585385e-01, 5.55160304e-01, 9.52475503e-01, 4.79214700e-01,
  4.56693295e-01, 2.17596400e+00, 5.91651856e-01, 1.33363845e+00,
  1.23582796e+00, 5.51607804e-01, 5.40037335e-01, 5.47266398e-01,
  5.77699501e-01, 7.27836330e-01, 1.04019697e+00, 2.87075890e+00,
  4.73320057e-01, 7.50000000e-01, 8.09252575e-01, 5.52144455e-01,
  7.50000000e-01, 2.90000000e-01, 7.50000000e-01, 1.66862396e+00},
 {0.00000000e+00, 5.65442334e-01, 3.80841719e-01, 3.33596922e-01,
  3.73386452e-01, 5.19337483e-01, 1.35493791e+00, 5.91296285e-01,
  4.51816356e-01, 5.64907506e-01, 5.61572955e-01, 6.70858407e-01,
  6.34345311e-01, 3.89694095e-01, 5.25005050e-01, 6.45177884e-01,
  5.80165842e-01, 4.28363793e-01, 4.54128072e-01, 4.73320057e-01,
  2.97023509e+01, 7.50000000e-01, 1.80096028e+00, 5.67414520e-01,
  7.50000000e-01, 2.90000000e-01, 7.50000000e-01, 6.28722660e-01},
 {0.00000000e+00, 7.50000000e-01, 7.50000000e-01, 7.50000000e-01,
  7.50000000e-01, 7.50000000e-01, 7.50000000e-01, 7.50000000e-01,
  7.50000000e-01, 7.50000000e-01, 7.50000000e-01, 7.50000000e-01,
  7.50000000e-01, 7.50000000e-01, 7.50000000e-01, 7.50000000e-01,
  7.50000000e-01, 7.50000000e-01, 7.50000000e-01, 7.50000000e-01,
  7.50000000e-01, 7.50000000e-01, 7.50000000e-01, 7.50000000e-01,
  7.50000000e-01, 2.90000000e-01, 7.50000000e-01, 7.50000000e-01},
 {0.00000000e+00, 6.38727873e-01, 6.27051284e-01, 4.88896599e-01,
  6.44927232e-01, 6.16552718e-01, 2.18456832e+00, 5.49197180e-01,
  1.47204221e+00, 9.06458192e-01, 7.37107274e-01, 9.65090110e-01,
  1.02316322e+00, 6.05825405e-01, 4.78832406e-01, 8.29182983e-01,
  8.07446927e-01, 7.05878947e-01, 7.43457494e-01, 8.09252575e-01,
  1.80096028e+00, 7.50000000e-01, 5.75351902e+00, 6.97787623e-01,
  7.50000000e-01, 2.90000000e-01, 7.50000000e-01, 9.41772708e-01},
 {0.00000000e+00, 8.41025176e-01, 1.18227759e+00, 5.22760621e-01,
  1.38090402e+00, 2.97840479e+00, 4.77074668e-01, 6.18662539e-01,
  1.03383965e+00, 5.20674297e-01, 1.29718560e+00, 5.98002922e-01,
  7.39261071e-01, 9.46428796e-01, 8.36159027e-01, 2.62986317e+00,
  1.13238507e+00, 9.80777594e-01, 8.12903077e-01, 5.52144455e-01,
  5.67414520e-01, 7.50000000e-01, 6.97787623e-01, 2.84524527e+00,
  7.50000000e-01, 2.90000000e-01, 7.50000000e-01, 5.67250003e-01},
 {0.00000000e+00, 7.50000000e-01, 7.50000000e-01, 7.50000000e-01,
  7.50000000e-01, 7.50000000e-01, 7.50000000e-01, 7.50000000e-01,
  7.50000000e-01, 7.50000000e-01, 7.50000000e-01, 7.50000000e-01,
  7.50000000e-01, 7.50000000e-01, 7.50000000e-01, 7.50000000e-01,
  7.50000000e-01, 7.50000000e-01, 7.50000000e-01, 7.50000000e-01,
  7.50000000e-01, 7.50000000e-01, 7.50000000e-01, 7.50000000e-01,
  7.50000000e-01, 2.90000000e-01, 7.50000000e-01, 7.50000000e-01},
 {0.00000000e+00, 2.90000000e-01, 2.90000000e-01, 2.90000000e-01,
  2.90000000e-01, 2.90000000e-01, 2.90000000e-01, 2.90000000e-01,
  2.90000000e-01, 2.90000000e-01, 2.90000000e-01, 2.90000000e-01,
  2.90000000e-01, 2.90000000e-01, 2.90000000e-01, 2.90000000e-01,
  2.90000000e-01, 2.90000000e-01, 2.90000000e-01, 2.90000000e-01,
  2.90000000e-01, 2.90000000e-01, 2.90000000e-01, 2.90000000e-01,
  2.90000000e-01, 1.33300000e+00, 2.90000000e-01, 2.90000000e-01},
 {0.00000000e+00, 7.50000000e-01, 7.50000000e-01, 7.50000000e-01,
  7.50000000e-01, 7.50000000e-01, 7.50000000e-01, 7.50000000e-01,
  7.50000000e-01, 7.50000000e-01, 7.50000000e-01, 7.50000000e-01,
  7.50000000e-01, 7.50000000e-01, 7.50000000e-01, 7.50000000e-01,
  7.50000000e-01, 7.50000000e-01, 7.50000000e-01, 7.50000000e-01,
  7.50000000e-01, 7.50000000e-01, 7.50000000e-01, 7.50000000e-01,
  7.50000000e-01, 2.90000000e-01, 7.50000000e-01, 7.50000000e-01},
 {0.00000000e+00, 7.26064996e-01, 4.82061098e-01, 6.21018471e-01,
  4.53699350e-01, 5.36776244e-01, 1.20783008e+00, 4.36669292e-01,
  5.83746261e-01, 2.24695958e+00, 5.45113795e-01, 2.43995990e+00,
  1.62161577e+00, 5.15737804e-01, 5.30300041e-01, 6.16540522e-01,
  5.56296615e-01, 5.80615182e-01, 8.07282226e-01, 1.66862396e+00,
  6.28722660e-01, 7.50000000e-01, 9.41772708e-01, 5.67250003e-01,
  7.50000000e-01, 2.90000000e-01, 7.50000000e-01, 2.36320536e+00}};


/** Underlying frequency ratios for BLOSUM50 */
static const double BLOSUM50_FREQRATIOS[BLASTAA_SIZE][BLASTAA_SIZE] =
{{0.00000000e+00, 0.00000000e+00, 0.00000000e+00, 0.00000000e+00,
  0.00000000e+00, 0.00000000e+00, 0.00000000e+00, 0.00000000e+00,
  0.00000000e+00, 0.00000000e+00, 0.00000000e+00, 0.00000000e+00,
  0.00000000e+00, 0.00000000e+00, 0.00000000e+00, 0.00000000e+00,
  0.00000000e+00, 0.00000000e+00, 0.00000000e+00, 0.00000000e+00,
  0.00000000e+00, 0.00000000e+00, 0.00000000e+00, 0.00000000e+00,
  0.00000000e+00, 0.00000000e+00, 0.00000000e+00, 0.00000000e+00},
 {0.00000000e+00, 3.27354473e+00, 6.87168642e-01, 8.87624875e-01,
  6.59704230e-01, 7.97359654e-01, 5.46298170e-01, 1.10130683e+00,
  6.41220589e-01, 7.15157692e-01, 7.47622201e-01, 6.56954186e-01,
  8.53472686e-01, 7.19514908e-01, 7.14770771e-01, 8.19913708e-01,
  6.68351460e-01, 1.36359270e+00, 9.67331593e-01, 9.81625416e-01,
  4.63560176e-01, 7.50000000e-01, 5.96400452e-01, 8.05980349e-01,
  7.50000000e-01, 2.90000000e-01, 7.50000000e-01, 6.80310043e-01},
 {0.00000000e+00, 6.87168642e-01, 3.67565906e+00, 5.07294595e-01,
  4.02052534e+00, 1.31892999e+00, 3.83849184e-01, 8.47577177e-01,
  1.11810068e+00, 4.07212168e-01, 9.68440788e-01, 3.91166888e-01,
  5.16058658e-01, 3.26949213e+00, 6.61247189e-01, 9.98204754e-01,
  7.59007679e-01, 1.06055276e+00, 9.55438618e-01, 4.46192804e-01,
  3.38571955e-01, 7.50000000e-01, 5.55905269e-01, 1.19634119e+00,
  7.50000000e-01, 2.90000000e-01, 7.50000000e-01, 3.97605526e-01},
 {0.00000000e+00, 8.87624875e-01, 5.07294595e-01, 1.82308935e+01,
  4.27724382e-01, 4.56030174e-01, 5.64985221e-01, 5.24350848e-01,
  5.17412429e-01, 5.87186086e-01, 4.59864212e-01, 6.50074165e-01,
  6.80946766e-01, 6.01008569e-01, 4.03060607e-01, 4.81296027e-01,
  4.27834290e-01, 8.29850973e-01, 8.17890869e-01, 8.08665030e-01,
  3.12131245e-01, 7.50000000e-01, 5.38704705e-01, 4.65687383e-01,
  7.50000000e-01, 2.90000000e-01, 7.50000000e-01, 6.24838486e-01},
 {0.00000000e+00, 6.59704230e-01, 4.02052534e+00, 4.27724382e-01,
  6.11147890e+00, 1.65784569e+00, 3.37276799e-01, 7.44468416e-01,
  8.83789762e-01, 3.70146565e-01, 8.90348134e-01, 3.72923686e-01,
  4.35009775e-01, 1.55790069e+00, 7.09628659e-01, 9.66997497e-01,
  6.78533894e-01, 9.21480865e-01, 8.25179634e-01, 4.31712984e-01,
  3.07050170e-01, 7.50000000e-01, 5.04473723e-01, 1.39378711e+00,
  7.50000000e-01, 2.90000000e-01, 7.50000000e-01, 3.71809285e-01},
 {0.00000000e+00, 7.97359654e-01, 1.31892999e+00, 4.56030174e-01,
  1.65784569e+00, 4.43735647e+00, 4.56055858e-01, 5.39909105e-01,
  9.11487897e-01, 4.15558851e-01, 1.33108575e+00, 4.78428941e-01,
  6.05096970e-01, 9.19771370e-01, 8.38805682e-01, 1.67134451e+00,
  9.76357610e-01, 8.82100970e-01, 8.19031320e-01, 4.79075838e-01,
  5.48039829e-01, 7.50000000e-01, 6.51686488e-01, 3.38012103e+00,
  7.50000000e-01, 2.90000000e-01, 7.50000000e-01, 4.53200481e-01},
 {0.00000000e+00, 5.46298170e-01, 3.83849184e-01, 5.64985221e-01,
  3.37276799e-01, 4.56055858e-01, 6.63625360e+00, 4.13949535e-01,
  7.54714659e-01, 9.89742646e-01, 4.44979578e-01, 1.26171801e+00,
  1.05158910e+00, 4.38699901e-01, 3.75736079e-01, 4.16967765e-01,
  4.61789222e-01, 5.52981315e-01, 5.70349305e-01, 8.59643167e-01,
  1.34807169e+00, 7.50000000e-01, 2.42442622e+00, 4.41115461e-01,
  7.50000000e-01, 2.90000000e-01, 7.50000000e-01, 1.15257995e+00},
 {0.00000000e+00, 1.10130683e+00, 8.47577177e-01, 5.24350848e-01,
  7.44468416e-01, 5.39909105e-01, 4.13949535e-01, 5.79218671e+00,
  6.01271290e-01, 3.70370366e-01, 6.54870319e-01, 3.76903001e-01,
  5.19438610e-01, 9.69013722e-01, 6.20168128e-01, 6.41416113e-01,
  5.16985831e-01, 9.99248542e-01, 6.36269018e-01, 4.02720033e-01,
  5.04888636e-01, 7.50000000e-01, 4.67274430e-01, 5.78707493e-01,
  7.50000000e-01, 2.90000000e-01, 7.50000000e-01, 3.74281590e-01},
 {0.00000000e+00, 6.41220589e-01, 1.11810068e+00, 5.17412429e-01,
  8.83789762e-01, 9.11487897e-01, 7.54714659e-01, 6.01271290e-01,
  1.04489376e+01, 4.11545408e-01, 9.45545516e-01, 5.47445792e-01,
  7.60124356e-01, 1.39406083e+00, 5.81906417e-01, 1.20911332e+00,
  9.81604707e-01, 8.22540644e-01, 6.52641826e-01, 4.13620259e-01,
  4.75002356e-01, 7.50000000e-01, 1.57000854e+00, 1.02524740e+00,
  7.50000000e-01, 2.90000000e-01, 7.50000000e-01, 4.92911793e-01},
 {0.00000000e+00, 7.15157692e-01, 4.07212168e-01, 5.87186086e-01,
  3.70146565e-01, 4.15558851e-01, 9.89742646e-01, 3.70370366e-01,
  4.11545408e-01, 3.41093885e+00, 4.68297844e-01, 1.69677965e+00,
  1.43810563e+00, 4.50866254e-01, 5.11210841e-01, 5.02656404e-01,
  4.35318230e-01, 5.45643330e-01, 8.60722536e-01, 2.31272269e+00,
  5.22495607e-01, 7.50000000e-01, 8.26095669e-01, 4.48849604e-01,
  7.50000000e-01, 2.90000000e-01, 7.50000000e-01, 2.38463611e+00},
 {0.00000000e+00, 7.47622201e-01, 9.68440788e-01, 4.59864212e-01,
  8.90348134e-01, 1.33108575e+00, 4.44979578e-01, 6.54870319e-01,
  9.45545516e-01, 4.68297844e-01, 3.88090096e+00, 4.79194854e-01,
  6.85231759e-01, 1.06041456e+00, 7.63679086e-01, 1.41855717e+00,
  2.06468049e+00, 8.92977250e-01, 8.44796364e-01, 5.22802406e-01,
  4.61593643e-01, 7.50000000e-01, 6.67754286e-01, 1.36451940e+00,
  7.50000000e-01, 2.90000000e-01, 7.50000000e-01, 4.74822110e-01},
 {0.00000000e+00, 6.56954186e-01, 3.91166888e-01, 6.50074165e-01,
  3.72923686e-01, 4.78428941e-01, 1.26171801e+00, 3.76903001e-01,
  5.47445792e-01, 1.69677965e+00, 4.79194854e-01, 3.32815910e+00,
  1.78991633e+00, 4.12652855e-01, 4.43674459e-01, 5.62937315e-01,
  5.54029894e-01, 5.10605044e-01, 7.59171671e-01, 1.32427289e+00,
  6.01518374e-01, 7.50000000e-01, 8.58373419e-01, 5.10730048e-01,
  7.50000000e-01, 2.90000000e-01, 7.50000000e-01, 2.67352044e+00},
 {0.00000000e+00, 8.53472686e-01, 5.16058658e-01, 6.80946766e-01,
  4.35009775e-01, 6.05096970e-01, 1.05158910e+00, 5.19438610e-01,
  7.60124356e-01, 1.43810563e+00, 6.85231759e-01, 1.78991633e+00,
  4.81561797e+00, 6.11514139e-01, 5.44813932e-01, 9.59915799e-01,
  6.78015272e-01, 6.82291911e-01, 8.82308943e-01, 1.21329921e+00,
  7.61522900e-01, 7.50000000e-01, 9.17831903e-01, 7.40717150e-01,
  7.50000000e-01, 2.90000000e-01, 7.50000000e-01, 1.64874201e+00},
 {0.00000000e+00, 7.19514908e-01, 3.26949213e+00, 6.01008569e-01,
  1.55790069e+00, 9.19771370e-01, 4.38699901e-01, 9.69013722e-01,
  1.39406083e+00, 4.50866254e-01, 1.06041456e+00, 4.12652855e-01,
  6.11514139e-01, 5.28532229e+00, 6.04265819e-01, 1.03495916e+00,
  8.53785837e-01, 1.22434496e+00, 1.10885139e+00, 4.63246441e-01,
  3.75696800e-01, 7.50000000e-01, 6.16478872e-01, 9.63798879e-01,
  7.50000000e-01, 2.90000000e-01, 7.50000000e-01, 4.27987098e-01},
 {0.00000000e+00, 7.14770771e-01, 6.61247189e-01, 4.03060607e-01,
  7.09628659e-01, 8.38805682e-01, 3.75736079e-01, 6.20168128e-01,
  5.81906417e-01, 5.11210841e-01, 7.63679086e-01, 4.43674459e-01,
  5.44813932e-01, 6.04265819e-01, 1.02035160e+01, 7.50499600e-01,
  5.18638945e-01, 7.59438841e-01, 7.48565360e-01, 5.24438149e-01,
  4.20092966e-01, 7.50000000e-01, 4.68173126e-01, 8.05053001e-01,
  7.50000000e-01, 2.90000000e-01, 7.50000000e-01, 4.70775405e-01},
 {0.00000000e+00, 8.19913708e-01, 9.98204754e-01, 4.81296027e-01,
  9.66997497e-01, 1.67134451e+00, 4.16967765e-01, 6.41416113e-01,
  1.20911332e+00, 5.02656404e-01, 1.41855717e+00, 5.62937315e-01,
  9.59915799e-01, 1.03495916e+00, 7.50499600e-01, 4.69722165e+00,
  1.35733364e+00, 1.06872445e+00, 8.10316946e-01, 5.57384267e-01,
  7.14705591e-01, 7.50000000e-01, 7.42076535e-01, 2.82790659e+00,
  7.50000000e-01, 2.90000000e-01, 7.50000000e-01, 5.38747839e-01},
 {0.00000000e+00, 6.68351460e-01, 7.59007679e-01, 4.27834290e-01,
  6.78533894e-01, 9.76357610e-01, 4.61789222e-01, 5.16985831e-01,
  9.81604707e-01, 4.35318230e-01, 2.06468049e+00, 5.54029894e-01,
  6.78015272e-01, 8.53785837e-01, 5.18638945e-01, 1.35733364e+00,
  5.37787401e+00, 8.04499038e-01, 7.36510915e-01, 5.12488758e-01,
  5.28823677e-01, 7.50000000e-01, 7.27125062e-01, 1.12197569e+00,
  7.50000000e-01, 2.90000000e-01, 7.50000000e-01, 5.06393371e-01},
 {0.00000000e+00, 1.36359270e+00, 1.06055276e+00, 8.29850973e-01,
  9.21480865e-01, 8.82100970e-01, 5.52981315e-01, 9.99248542e-01,
  8.22540644e-01, 5.45643330e-01, 8.92977250e-01, 5.10605044e-01,
  6.82291911e-01, 1.22434496e+00, 7.59438841e-01, 1.06872445e+00,
  8.04499038e-01, 3.14298812e+00, 1.49727124e+00, 6.78664919e-01,
  3.92328021e-01, 7.50000000e-01, 6.51019697e-01, 9.53432893e-01,
  7.50000000e-01, 2.90000000e-01, 7.50000000e-01, 5.24665180e-01},
 {0.00000000e+00, 9.67331593e-01, 9.55438618e-01, 8.17890869e-01,
  8.25179634e-01, 8.19031320e-01, 5.70349305e-01, 6.36269018e-01,
  6.52641826e-01, 8.60722536e-01, 8.44796364e-01, 7.59171671e-01,
  8.82308943e-01, 1.10885139e+00, 7.48565360e-01, 8.10316946e-01,
  7.36510915e-01, 1.49727124e+00, 3.55307500e+00, 1.05992520e+00,
  5.02669810e-01, 7.50000000e-01, 6.90730891e-01, 8.15700480e-01,
  7.50000000e-01, 2.90000000e-01, 7.50000000e-01, 7.99921922e-01},
 {0.00000000e+00, 9.81625416e-01, 4.46192804e-01, 8.08665030e-01,
  4.31712984e-01, 4.79075838e-01, 8.59643167e-01, 4.02720033e-01,
  4.13620259e-01, 2.31272269e+00, 5.22802406e-01, 1.32427289e+00,
  1.21329921e+00, 4.63246441e-01, 5.24438149e-01, 5.57384267e-01,
  5.12488758e-01, 6.78664919e-01, 1.05992520e+00, 3.11745700e+00,
  4.84839541e-01, 7.50000000e-01, 7.27350506e-01, 5.09007179e-01,
  7.50000000e-01, 2.90000000e-01, 7.50000000e-01, 1.72091725e+00},
 {0.00000000e+00, 4.63560176e-01, 3.38571955e-01, 3.12131245e-01,
  3.07050170e-01, 5.48039829e-01, 1.34807169e+00, 5.04888636e-01,
  4.75002356e-01, 5.22495607e-01, 4.61593643e-01, 6.01518374e-01,
  7.61522900e-01, 3.75696800e-01, 4.20092966e-01, 7.14705591e-01,
  5.28823677e-01, 3.92328021e-01, 5.02669810e-01, 4.84839541e-01,
  3.13609332e+01, 7.50000000e-01, 1.76515899e+00, 6.11743441e-01,
  7.50000000e-01, 2.90000000e-01, 7.50000000e-01, 5.69808181e-01},
 {0.00000000e+00, 7.50000000e-01, 7.50000000e-01, 7.50000000e-01,
  7.50000000e-01, 7.50000000e-01, 7.50000000e-01, 7.50000000e-01,
  7.50000000e-01, 7.50000000e-01, 7.50000000e-01, 7.50000000e-01,
  7.50000000e-01, 7.50000000e-01, 7.50000000e-01, 7.50000000e-01,
  7.50000000e-01, 7.50000000e-01, 7.50000000e-01, 7.50000000e-01,
  7.50000000e-01, 7.50000000e-01, 7.50000000e-01, 7.50000000e-01,
  7.50000000e-01, 2.90000000e-01, 7.50000000e-01, 7.50000000e-01},
 {0.00000000e+00, 5.96400452e-01, 5.55905269e-01, 5.38704705e-01,
  5.04473723e-01, 6.51686488e-01, 2.42442622e+00, 4.67274430e-01,
  1.57000854e+00, 8.26095669e-01, 6.67754286e-01, 8.58373419e-01,
  9.17831903e-01, 6.16478872e-01, 4.68173126e-01, 7.42076535e-01,
  7.27125062e-01, 6.51019697e-01, 6.90730891e-01, 7.27350506e-01,
  1.76515899e+00, 7.50000000e-01, 6.89283261e+00, 6.86235710e-01,
  7.50000000e-01, 2.90000000e-01, 7.50000000e-01, 8.45421029e-01},
 {0.00000000e+00, 8.05980349e-01, 1.19634119e+00, 4.65687383e-01,
  1.39378711e+00, 3.38012103e+00, 4.41115461e-01, 5.78707493e-01,
  1.02524740e+00, 4.48849604e-01, 1.36451940e+00, 5.10730048e-01,
  7.40717150e-01, 9.63798879e-01, 8.05053001e-01, 2.82790659e+00,
  1.12197569e+00, 9.53432893e-01, 8.15700480e-01, 5.09007179e-01,
  6.11743441e-01, 7.50000000e-01, 6.86235710e-01, 3.16905156e+00,
  7.50000000e-01, 2.90000000e-01, 7.50000000e-01, 4.85898712e-01},
 {0.00000000e+00, 7.50000000e-01, 7.50000000e-01, 7.50000000e-01,
  7.50000000e-01, 7.50000000e-01, 7.50000000e-01, 7.50000000e-01,
  7.50000000e-01, 7.50000000e-01, 7.50000000e-01, 7.50000000e-01,
  7.50000000e-01, 7.50000000e-01, 7.50000000e-01, 7.50000000e-01,
  7.50000000e-01, 7.50000000e-01, 7.50000000e-01, 7.50000000e-01,
  7.50000000e-01, 7.50000000e-01, 7.50000000e-01, 7.50000000e-01,
  7.50000000e-01, 2.90000000e-01, 7.50000000e-01, 7.50000000e-01},
 {0.00000000e+00, 2.90000000e-01, 2.90000000e-01, 2.90000000e-01,
  2.90000000e-01, 2.90000000e-01, 2.90000000e-01, 2.90000000e-01,
  2.90000000e-01, 2.90000000e-01, 2.90000000e-01, 2.90000000e-01,
  2.90000000e-01, 2.90000000e-01, 2.90000000e-01, 2.90000000e-01,
  2.90000000e-01, 2.90000000e-01, 2.90000000e-01, 2.90000000e-01,
  2.90000000e-01, 2.90000000e-01, 2.90000000e-01, 2.90000000e-01,
  2.90000000e-01, 1.33300000e+00, 2.90000000e-01, 2.90000000e-01},
 {0.00000000e+00, 7.50000000e-01, 7.50000000e-01, 7.50000000e-01,
  7.50000000e-01, 7.50000000e-01, 7.50000000e-01, 7.50000000e-01,
  7.50000000e-01, 7.50000000e-01, 7.50000000e-01, 7.50000000e-01,
  7.50000000e-01, 7.50000000e-01, 7.50000000e-01, 7.50000000e-01,
  7.50000000e-01, 7.50000000e-01, 7.50000000e-01, 7.50000000e-01,
  7.50000000e-01, 7.50000000e-01, 7.50000000e-01, 7.50000000e-01,
  7.50000000e-01, 2.90000000e-01, 7.50000000e-01, 7.50000000e-01},
 {0.00000000e+00, 6.80310043e-01, 3.97605526e-01, 6.24838486e-01,
  3.71809285e-01, 4.53200481e-01, 1.15257995e+00, 3.74281590e-01,
  4.92911793e-01, 2.38463611e+00, 4.74822110e-01, 2.67352044e+00,
  1.64874201e+00, 4.27987098e-01, 4.70775405e-01, 5.38747839e-01,
  5.06393371e-01, 5.24665180e-01, 7.99921922e-01, 1.72091725e+00,
  5.69808181e-01, 7.50000000e-01, 8.45421029e-01, 4.85898712e-01,
  7.50000000e-01, 2.90000000e-01, 7.50000000e-01, 2.55759716e+00}};


/** Underlying frequency ratios for BLOSUM62 */
static const double BLOSUM62_FREQRATIOS[BLASTAA_SIZE][BLASTAA_SIZE] =
{{0.00000000e+00, 0.00000000e+00, 0.00000000e+00, 0.00000000e+00,
  0.00000000e+00, 0.00000000e+00, 0.00000000e+00, 0.00000000e+00,
  0.00000000e+00, 0.00000000e+00, 0.00000000e+00, 0.00000000e+00,
  0.00000000e+00, 0.00000000e+00, 0.00000000e+00, 0.00000000e+00,
  0.00000000e+00, 0.00000000e+00, 0.00000000e+00, 0.00000000e+00,
  0.00000000e+00, 0.00000000e+00, 0.00000000e+00, 0.00000000e+00,
  0.00000000e+00, 0.00000000e+00, 0.00000000e+00, 0.00000000e+00},
 {0.00000000e+00, 3.90294070e+00, 5.64459671e-01, 8.67987664e-01,
  5.44605275e-01, 7.41264113e-01, 4.64893827e-01, 1.05686961e+00,
  5.69364849e-01, 6.32481035e-01, 7.75390239e-01, 6.01945975e-01,
  7.23150342e-01, 5.88307640e-01, 7.54121369e-01, 7.56803943e-01,
  6.12698600e-01, 1.47210399e+00, 9.84401956e-01, 9.36458396e-01,
  4.16548781e-01, 7.50000000e-01, 5.42611869e-01, 7.47274948e-01,
  7.50000000e-01, 2.50000000e-01, 7.50000000e-01, 6.14377313e-01},
 {0.00000000e+00, 5.64459671e-01, 4.43758048e+00, 3.45226274e-01,
  4.74290926e+00, 1.33503378e+00, 3.24101420e-01, 7.38524318e-01,
  9.25449581e-01, 3.33981361e-01, 8.54849426e-01, 2.97257620e-01,
  4.04640322e-01, 4.07083696e+00, 5.53838329e-01, 9.44103648e-01,
  7.02873767e-01, 1.05798620e+00, 8.26250098e-01, 3.51280513e-01,
  2.52855433e-01, 7.50000000e-01, 4.09444638e-01, 1.18382127e+00,
  7.50000000e-01, 2.50000000e-01, 7.50000000e-01, 3.12208474e-01},
 {0.00000000e+00, 8.67987664e-01, 3.45226274e-01, 1.95765857e+01,
  3.01454345e-01, 2.85934574e-01, 4.38990118e-01, 4.20387870e-01,
  3.55049505e-01, 6.53458801e-01, 3.49128465e-01, 6.42275633e-01,
  6.11354340e-01, 3.97802620e-01, 3.79562691e-01, 3.65781531e-01,
  3.08939296e-01, 7.38415701e-01, 7.40551692e-01, 7.55844055e-01,
  4.49983903e-01, 7.50000000e-01, 4.34203398e-01, 3.16819526e-01,
  7.50000000e-01, 2.50000000e-01, 7.50000000e-01, 6.46828489e-01},
 {0.00000000e+00, 5.44605275e-01, 4.74290926e+00, 3.01454345e-01,
  7.39792738e+00, 1.68781075e+00, 2.98969081e-01, 6.34301019e-01,
  6.78558839e-01, 3.39015407e-01, 7.84090406e-01, 2.86613046e-01,
  3.46454634e-01, 1.55385281e+00, 5.98716826e-01, 8.97081129e-01,
  5.73200024e-01, 9.13504624e-01, 6.94789868e-01, 3.36500142e-01,
  2.32102315e-01, 7.50000000e-01, 3.45683565e-01, 1.38195506e+00,
  7.50000000e-01, 2.50000000e-01, 7.50000000e-01, 3.07946931e-01},
 {0.00000000e+00, 7.41264113e-01, 1.33503378e+00, 2.85934574e-01,
  1.68781075e+00, 5.46952608e+00, 3.30743991e-01, 4.81267655e-01,
  9.60040718e-01, 3.30522558e-01, 1.30827885e+00, 3.72873704e-01,
  5.00342289e-01, 9.11298183e-01, 6.79202587e-01, 1.90173784e+00,
  9.60797602e-01, 9.50357185e-01, 7.41425610e-01, 4.28943130e-01,
  3.74300212e-01, 7.50000000e-01, 4.96467354e-01, 4.08949895e+00,
  7.50000000e-01, 2.50000000e-01, 7.50000000e-01, 3.55631838e-01},
 {0.00000000e+00, 4.64893827e-01, 3.24101420e-01, 4.38990118e-01,
  2.98969081e-01, 3.30743991e-01, 8.12879702e+00, 3.40640908e-01,
  6.51990521e-01, 9.45769883e-01, 3.44043119e-01, 1.15459749e+00,
  1.00437163e+00, 3.54288952e-01, 2.87444758e-01, 3.33972402e-01,
  3.80726330e-01, 4.39973597e-01, 4.81693683e-01, 7.45089738e-01,
  1.37437942e+00, 7.50000000e-01, 2.76938063e+00, 3.31992746e-01,
  7.50000000e-01, 2.50000000e-01, 7.50000000e-01, 1.06958025e+00},
 {0.00000000e+00, 1.05686961e+00, 7.38524318e-01, 4.20387870e-01,
  6.34301019e-01, 4.81267655e-01, 3.40640908e-01, 6.87630691e+00,
  4.92966576e-01, 2.75009722e-01, 5.88871736e-01, 2.84504012e-01,
  3.95486600e-01, 8.63711406e-01, 4.77385507e-01, 5.38649627e-01,
  4.49983999e-01, 9.03596525e-01, 5.79271582e-01, 3.36954912e-01,
  4.21690355e-01, 7.50000000e-01, 3.48714366e-01, 5.03463109e-01,
  7.50000000e-01, 2.50000000e-01, 7.50000000e-01, 2.80638726e-01},
 {0.00000000e+00, 5.69364849e-01, 9.25449581e-01, 3.55049505e-01,
  6.78558839e-01, 9.60040718e-01, 6.51990521e-01, 4.92966576e-01,
  1.35059997e+01, 3.26288125e-01, 7.78887490e-01, 3.80675486e-01,
  5.84132623e-01, 1.22200067e+00, 4.72879831e-01, 1.16798104e+00,
  9.17048021e-01, 7.36731740e-01, 5.57503254e-01, 3.39447442e-01,
  4.44088955e-01, 7.50000000e-01, 1.79790413e+00, 1.04047242e+00,
  7.50000000e-01, 2.50000000e-01, 7.50000000e-01, 3.58533474e-01},
 {0.00000000e+00, 6.32481035e-01, 3.33981361e-01, 6.53458801e-01,
  3.39015407e-01, 3.30522558e-01, 9.45769883e-01, 2.75009722e-01,
  3.26288125e-01, 3.99792994e+00, 3.96372934e-01, 1.69443475e+00,
  1.47774450e+00, 3.27934752e-01, 3.84662860e-01, 3.82937802e-01,
  3.54751311e-01, 4.43163582e-01, 7.79816110e-01, 2.41751209e+00,
  4.08874390e-01, 7.50000000e-01, 6.30388931e-01, 3.50796872e-01,
  7.50000000e-01, 2.50000000e-01, 7.50000000e-01, 2.63222650e+00},
 {0.00000000e+00, 7.75390239e-01, 8.54849426e-01, 3.49128465e-01,
  7.84090406e-01, 1.30827885e+00, 3.44043119e-01, 5.88871736e-01,
  7.78887490e-01, 3.96372934e-01, 4.76433717e+00, 4.28270363e-01,
  6.25302816e-01, 9.39841129e-01, 7.03774479e-01, 1.55432308e+00,
  2.07680867e+00, 9.31919141e-01, 7.92905803e-01, 4.56542720e-01,
  3.58930071e-01, 7.50000000e-01, 5.32179333e-01, 1.40344922e+00,
  7.50000000e-01, 2.50000000e-01, 7.50000000e-01, 4.15284382e-01},
 {0.00000000e+00, 6.01945975e-01, 2.97257620e-01, 6.42275633e-01,
  2.86613046e-01, 3.72873704e-01, 1.15459749e+00, 2.84504012e-01,
  3.80675486e-01, 1.69443475e+00, 4.28270363e-01, 3.79662137e+00,
  1.99429557e+00, 3.10043276e-01, 3.71121724e-01, 4.77325586e-01,
  4.73919278e-01, 4.28893743e-01, 6.60328975e-01, 1.31423573e+00,
  5.68037074e-01, 7.50000000e-01, 6.92059423e-01, 4.13275887e-01,
  7.50000000e-01, 2.50000000e-01, 7.50000000e-01, 2.94078574e+00},
 {0.00000000e+00, 7.23150342e-01, 4.04640322e-01, 6.11354340e-01,
  3.46454634e-01, 5.00342289e-01, 1.00437163e+00, 3.95486600e-01,
  5.84132623e-01, 1.47774450e+00, 6.25302816e-01, 1.99429557e+00,
  6.48145121e+00, 4.74529655e-01, 4.23898024e-01, 8.64250293e-01,
  6.22623369e-01, 5.98558924e-01, 7.93801616e-01, 1.26893679e+00,
  6.10296214e-01, 7.50000000e-01, 7.08364628e-01, 6.41102583e-01,
  7.50000000e-01, 2.50000000e-01, 7.50000000e-01, 1.78399892e+00},
 {0.00000000e+00, 5.88307640e-01, 4.07083696e+00, 3.97802620e-01,
  1.55385281e+00, 9.11298183e-01, 3.54288952e-01, 8.63711406e-01,
  1.22200067e+00, 3.27934752e-01, 9.39841129e-01, 3.10043276e-01,
  4.74529655e-01, 7.09409488e+00, 4.99932836e-01, 1.00058442e+00,
  8.58630478e-01, 1.23152924e+00, 9.84152635e-01, 3.69033853e-01,
  2.77782896e-01, 7.50000000e-01, 4.86030806e-01, 9.45834265e-01,
  7.50000000e-01, 2.50000000e-01, 7.50000000e-01, 3.17327197e-01},
 {0.00000000e+00, 7.54121369e-01, 5.53838329e-01, 3.79562691e-01,
  5.98716826e-01, 6.79202587e-01, 2.87444758e-01, 4.77385507e-01,
  4.72879831e-01, 3.84662860e-01, 7.03774479e-01, 3.71121724e-01,
  4.23898024e-01, 4.99932836e-01, 1.28375437e+01, 6.41280589e-01,
  4.81534905e-01, 7.55503259e-01, 6.88897122e-01, 4.43082984e-01,
  2.81833164e-01, 7.50000000e-01, 3.63521119e-01, 6.64534287e-01,
  7.50000000e-01, 2.50000000e-01, 7.50000000e-01, 3.76634549e-01},
 {0.00000000e+00, 7.56803943e-01, 9.44103648e-01, 3.65781531e-01,
  8.97081129e-01, 1.90173784e+00, 3.33972402e-01, 5.38649627e-01,
  1.16798104e+00, 3.82937802e-01, 1.55432308e+00, 4.77325586e-01,
  8.64250293e-01, 1.00058442e+00, 6.41280589e-01, 6.24442175e+00,
  1.40579606e+00, 9.65555228e-01, 7.91320741e-01, 4.66777931e-01,
  5.09360272e-01, 7.50000000e-01, 6.11094097e-01, 3.58149606e+00,
  7.50000000e-01, 2.50000000e-01, 7.50000000e-01, 4.38898727e-01},
 {0.00000000e+00, 6.12698600e-01, 7.02873767e-01, 3.08939296e-01,
  5.73200024e-01, 9.60797602e-01, 3.80726330e-01, 4.49983999e-01,
  9.17048021e-01, 3.54751311e-01, 2.07680867e+00, 4.73919278e-01,
  6.22623369e-01, 8.58630478e-01, 4.81534905e-01, 1.40579606e+00,
  6.66557707e+00, 7.67165633e-01, 6.77754679e-01, 4.20072316e-01,
  3.95102106e-01, 7.50000000e-01, 5.55965425e-01, 1.13292384e+00,
  7.50000000e-01, 2.50000000e-01, 7.50000000e-01, 4.25403989e-01},
 {0.00000000e+00, 1.47210399e+00, 1.05798620e+00, 7.38415701e-01,
  9.13504624e-01, 9.50357185e-01, 4.39973597e-01, 9.03596525e-01,
  7.36731740e-01, 4.43163582e-01, 9.31919141e-01, 4.28893743e-01,
  5.98558924e-01, 1.23152924e+00, 7.55503259e-01, 9.65555228e-01,
  7.67165633e-01, 3.84284741e+00, 1.61392097e+00, 5.65223766e-01,
  3.85303035e-01, 7.50000000e-01, 5.57520051e-01, 9.56235816e-01,
  7.50000000e-01, 2.50000000e-01, 7.50000000e-01, 4.34703235e-01},
 {0.00000000e+00, 9.84401956e-01, 8.26250098e-01, 7.40551692e-01,
  6.94789868e-01, 7.41425610e-01, 4.81693683e-01, 5.79271582e-01,
  5.57503254e-01, 7.79816110e-01, 7.92905803e-01, 6.60328975e-01,
  7.93801616e-01, 9.84152635e-01, 6.88897122e-01, 7.91320741e-01,
  6.77754679e-01, 1.61392097e+00, 4.83210516e+00, 9.80943005e-01,
  4.30934144e-01, 7.50000000e-01, 5.73156574e-01, 7.60725140e-01,
  7.50000000e-01, 2.50000000e-01, 7.50000000e-01, 7.08974203e-01},
 {0.00000000e+00, 9.36458396e-01, 3.51280513e-01, 7.55844055e-01,
  3.36500142e-01, 4.28943130e-01, 7.45089738e-01, 3.36954912e-01,
  3.39447442e-01, 2.41751209e+00, 4.56542720e-01, 1.31423573e+00,
  1.26893679e+00, 3.69033853e-01, 4.43082984e-01, 4.66777931e-01,
  4.20072316e-01, 5.65223766e-01, 9.80943005e-01, 3.69215640e+00,
  3.74456332e-01, 7.50000000e-01, 6.58038693e-01, 4.43577702e-01,
  7.50000000e-01, 2.50000000e-01, 7.50000000e-01, 1.76339815e+00},
 {0.00000000e+00, 4.16548781e-01, 2.52855433e-01, 4.49983903e-01,
  2.32102315e-01, 3.74300212e-01, 1.37437942e+00, 4.21690355e-01,
  4.44088955e-01, 4.08874390e-01, 3.58930071e-01, 5.68037074e-01,
  6.10296214e-01, 2.77782896e-01, 2.81833164e-01, 5.09360272e-01,
  3.95102106e-01, 3.85303035e-01, 4.30934144e-01, 3.74456332e-01,
  3.81077833e+01, 7.50000000e-01, 2.10980812e+00, 4.26541694e-01,
  7.50000000e-01, 2.50000000e-01, 7.50000000e-01, 5.03239261e-01},
 {0.00000000e+00, 7.50000000e-01, 7.50000000e-01, 7.50000000e-01,
  7.50000000e-01, 7.50000000e-01, 7.50000000e-01, 7.50000000e-01,
  7.50000000e-01, 7.50000000e-01, 7.50000000e-01, 7.50000000e-01,
  7.50000000e-01, 7.50000000e-01, 7.50000000e-01, 7.50000000e-01,
  7.50000000e-01, 7.50000000e-01, 7.50000000e-01, 7.50000000e-01,
  7.50000000e-01, 7.50000000e-01, 7.50000000e-01, 7.50000000e-01,
  7.50000000e-01, 2.50000000e-01, 7.50000000e-01, 7.50000000e-01},
 {0.00000000e+00, 5.42611869e-01, 4.09444638e-01, 4.34203398e-01,
  3.45683565e-01, 4.96467354e-01, 2.76938063e+00, 3.48714366e-01,
  1.79790413e+00, 6.30388931e-01, 5.32179333e-01, 6.92059423e-01,
  7.08364628e-01, 4.86030806e-01, 3.63521119e-01, 6.11094097e-01,
  5.55965425e-01, 5.57520051e-01, 5.73156574e-01, 6.58038693e-01,
  2.10980812e+00, 7.50000000e-01, 9.83220341e+00, 5.40805192e-01,
  7.50000000e-01, 2.50000000e-01, 7.50000000e-01, 6.66952325e-01},
 {0.00000000e+00, 7.47274948e-01, 1.18382127e+00, 3.16819526e-01,
  1.38195506e+00, 4.08949895e+00, 3.31992746e-01, 5.03463109e-01,
  1.04047242e+00, 3.50796872e-01, 1.40344922e+00, 4.13275887e-01,
  6.41102583e-01, 9.45834265e-01, 6.64534287e-01, 3.58149606e+00,
  1.13292384e+00, 9.56235816e-01, 7.60725140e-01, 4.43577702e-01,
  4.26541694e-01, 7.50000000e-01, 5.40805192e-01, 3.89300249e+00,
  7.50000000e-01, 2.50000000e-01, 7.50000000e-01, 3.87839626e-01},
 {0.00000000e+00, 7.50000000e-01, 7.50000000e-01, 7.50000000e-01,
  7.50000000e-01, 7.50000000e-01, 7.50000000e-01, 7.50000000e-01,
  7.50000000e-01, 7.50000000e-01, 7.50000000e-01, 7.50000000e-01,
  7.50000000e-01, 7.50000000e-01, 7.50000000e-01, 7.50000000e-01,
  7.50000000e-01, 7.50000000e-01, 7.50000000e-01, 7.50000000e-01,
  7.50000000e-01, 7.50000000e-01, 7.50000000e-01, 7.50000000e-01,
  7.50000000e-01, 2.50000000e-01, 7.50000000e-01, 7.50000000e-01},
 {0.00000000e+00, 2.50000000e-01, 2.50000000e-01, 2.50000000e-01,
  2.50000000e-01, 2.50000000e-01, 2.50000000e-01, 2.50000000e-01,
  2.50000000e-01, 2.50000000e-01, 2.50000000e-01, 2.50000000e-01,
  2.50000000e-01, 2.50000000e-01, 2.50000000e-01, 2.50000000e-01,
  2.50000000e-01, 2.50000000e-01, 2.50000000e-01, 2.50000000e-01,
  2.50000000e-01, 2.50000000e-01, 2.50000000e-01, 2.50000000e-01,
  2.50000000e-01, 1.33300000e+00, 2.50000000e-01, 2.50000000e-01},
 {0.00000000e+00, 7.50000000e-01, 7.50000000e-01, 7.50000000e-01,
  7.50000000e-01, 7.50000000e-01, 7.50000000e-01, 7.50000000e-01,
